CodPer,CodPro,Costo,Precio,Cantidad,CodTra,NoTra,SubTotal,Descuento,IVA,Total,fkCodPerRec,fkCodPerEnt,CodDet,Cantidad,Precio,SubtotalPro,fkCodTra,fkCodPro
3,1,1.00,1.20,1,1,1,12,0,0,12,3,50,1,1,200.00,200,1,1
3,6,11.00,16.00,4,1,1,12,0,0,12,3,50,1131,4,10.00,10,1,6
3,8,12.00,18.00,2,1,1,12,0,0,12,3,50,417,1,19.00,19,1,8
3,10,11.00,16.00,5,1,1,12,0,0,12,3,50,500,1,18.00,18,1,10
3,13,14.00,21.00,2,1,1,12,0,0,12,3,50,826,3,12.00,12,1,13
3,15,15.00,22.00,4,1,1,12,0,0,12,3,50,1150,4,15.00,15,1,15
3,20,6.00,9.00,2,1,1,12,0,0,12,3,50,916,4,10.00,10,1,20
3,29,12.00,18.00,2,1,1,12,0,0,12,3,50,561,2,16.00,16,1,29
3,30,13.00,19.00,5,1,1,12,0,0,12,3,50,220,1,15.00,15,1,30
35,5,10.00,15.00,2,2,2,430,0,0,430,35,37,1066,5,16.00,16,2,5
35,6,11.00,16.00,4,2,2,430,0,0,430,35,37,1164,1,10.00,10,2,6
35,9,12.00,18.00,1,2,2,430,0,0,430,35,37,69,4,13.00,13,2,9
35,10,11.00,16.00,5,2,2,430,0,0,430,35,37,788,2,18.00,18,2,10
35,13,14.00,21.00,2,2,2,430,0,0,430,35,37,928,1,12.00,12,2,13
35,13,14.00,21.00,2,2,2,430,0,0,430,35,37,1050,5,12.00,12,2,13
35,15,15.00,22.00,4,2,2,430,0,0,430,35,37,589,4,15.00,15,2,15
35,18,14.00,21.00,1,2,2,430,0,0,430,35,37,314,3,10.00,10,2,18
35,23,5.00,7.00,3,2,2,430,0,0,430,35,37,658,2,13.00,13,2,23
32,6,11.00,16.00,4,3,3,125,0,0,125,32,37,1014,4,10.00,10,3,6
32,7,9.00,13.00,1,3,3,125,0,0,125,32,37,1056,3,9.00,9,3,7
32,10,11.00,16.00,5,3,3,125,0,0,125,32,37,178,2,18.00,18,3,10
32,12,6.00,9.00,1,3,3,125,0,0,125,32,37,790,1,15.00,15,3,12
32,16,13.00,19.00,3,3,3,125,0,0,125,32,37,535,4,9.00,9,3,16
32,19,14.00,21.00,3,3,3,125,0,0,125,32,37,767,1,7.00,7,3,19
32,20,6.00,9.00,2,3,3,125,0,0,125,32,37,825,1,10.00,10,3,20
31,4,7.00,10.00,2,4,4,137,0,0,137,31,48,196,2,9.00,9,4,4
31,7,9.00,13.00,1,4,4,137,0,0,137,31,48,911,4,9.00,9,4,7
31,11,5.00,7.00,3,4,4,137,0,0,137,31,48,214,3,22.00,22,4,11
31,22,6.00,9.00,3,4,4,137,0,0,137,31,48,879,3,18.00,18,4,22
31,26,15.00,22.00,5,4,4,137,0,0,137,31,48,870,4,7.00,7,4,26
31,26,15.00,22.00,5,4,4,137,0,0,137,31,48,1015,5,7.00,7,4,26
31,29,12.00,18.00,2,4,4,137,0,0,137,31,48,203,1,16.00,16,4,29
31,5,10.00,15.00,2,5,5,266,0,0,266,31,50,81,1,16.00,16,5,5
31,11,5.00,7.00,3,5,5,266,0,0,266,31,50,1037,5,22.00,22,5,11
31,13,14.00,21.00,2,5,5,266,0,0,266,31,50,677,1,12.00,12,5,13
31,14,15.00,22.00,1,5,5,266,0,0,266,31,50,578,2,13.00,13,5,14
31,18,14.00,21.00,1,5,5,266,0,0,266,31,50,691,5,10.00,10,5,18
31,28,10.00,15.00,5,5,5,266,0,0,266,31,50,521,3,21.00,21,5,28
31,30,13.00,19.00,5,5,5,266,0,0,266,31,50,862,1,15.00,15,5,30
36,5,10.00,15.00,2,6,6,392,0,0,392,36,42,971,3,16.00,16,6,5
36,5,10.00,15.00,2,6,6,392,0,0,392,36,42,1064,2,16.00,16,6,5
36,6,11.00,16.00,4,6,6,392,0,0,392,36,42,759,1,10.00,10,6,6
36,7,9.00,13.00,1,6,6,392,0,0,392,36,42,892,1,9.00,9,6,7
36,15,15.00,22.00,4,6,6,392,0,0,392,36,42,39,2,15.00,15,6,15
36,19,14.00,21.00,3,6,6,392,0,0,392,36,42,443,1,7.00,7,6,19
32,6,11.00,16.00,4,7,7,453,0,0,453,32,39,118,5,10.00,10,7,6
32,7,9.00,13.00,1,7,7,453,0,0,453,32,39,632,5,9.00,9,7,7
32,10,11.00,16.00,5,7,7,453,0,0,453,32,39,188,3,18.00,18,7,10
32,12,6.00,9.00,1,7,7,453,0,0,453,32,39,728,3,15.00,15,7,12
32,23,5.00,7.00,3,7,7,453,0,0,453,32,39,1019,1,13.00,13,7,23
35,3,5.00,7.00,2,8,8,205,0,0,205,35,45,30,4,15.00,15,8,3
35,5,10.00,15.00,2,8,8,205,0,0,205,35,45,427,2,16.00,16,8,5
35,7,9.00,13.00,1,8,8,205,0,0,205,35,45,250,2,9.00,9,8,7
35,10,11.00,16.00,5,8,8,205,0,0,205,35,45,110,1,18.00,18,8,10
35,18,14.00,21.00,1,8,8,205,0,0,205,35,45,1016,4,10.00,10,8,18
35,30,13.00,19.00,5,8,8,205,0,0,205,35,45,523,1,15.00,15,8,30
31,18,14.00,21.00,1,9,9,370,0,0,370,31,46,493,1,10.00,10,9,18
31,23,5.00,7.00,3,9,9,370,0,0,370,31,46,491,2,13.00,13,9,23
31,1,1.00,1.20,1,10,10,309,0,0,309,31,47,668,5,1.20,1,10,1
31,14,15.00,22.00,1,10,10,309,0,0,309,31,47,518,3,13.00,13,10,14
31,15,15.00,22.00,4,10,10,309,0,0,309,31,47,774,5,15.00,15,10,15
31,22,6.00,9.00,3,10,10,309,0,0,309,31,47,228,3,18.00,18,10,22
31,22,6.00,9.00,3,10,10,309,0,0,309,31,47,846,1,18.00,18,10,22
31,28,10.00,15.00,5,10,10,309,0,0,309,31,47,796,2,21.00,21,10,28
31,30,13.00,19.00,5,10,10,309,0,0,309,31,47,12,5,15.00,15,10,30
32,1,1.00,1.20,1,11,11,251,0,0,251,32,47,873,5,1.20,1,11,1
32,14,15.00,22.00,1,11,11,251,0,0,251,32,47,875,3,13.00,13,11,14
32,23,5.00,7.00,3,11,11,251,0,0,251,32,47,620,3,13.00,13,11,23
35,1,1.00,1.20,1,12,12,125,0,0,125,35,37,338,3,1.20,1,12,1
35,2,5.00,7.00,3,12,12,125,0,0,125,35,37,399,2,15.00,15,12,2
35,3,5.00,7.00,2,12,12,125,0,0,125,35,37,467,4,15.00,15,12,3
35,3,5.00,7.00,2,12,12,125,0,0,125,35,37,773,2,15.00,15,12,3
35,24,13.00,19.00,5,12,12,125,0,0,125,35,37,999,5,12.00,12,12,24
35,26,15.00,22.00,5,12,12,125,0,0,125,35,37,337,2,7.00,7,12,26
36,2,5.00,7.00,3,13,13,346,0,0,346,36,38,19,5,15.00,15,13,2
36,2,5.00,7.00,3,13,13,346,0,0,346,36,38,494,4,15.00,15,13,2
36,4,7.00,10.00,2,13,13,346,0,0,346,36,38,1043,4,9.00,9,13,4
36,11,5.00,7.00,3,13,13,346,0,0,346,36,38,133,1,22.00,22,13,11
36,21,11.00,16.00,3,13,13,346,0,0,346,36,38,184,4,9.00,9,13,21
36,25,11.00,16.00,5,13,13,346,0,0,346,36,38,708,2,22.00,22,13,25
36,28,10.00,15.00,5,13,13,346,0,0,346,36,38,185,5,21.00,21,13,28
32,4,7.00,10.00,2,14,14,316,0,0,316,32,43,58,2,9.00,9,14,4
32,6,11.00,16.00,4,14,14,316,0,0,316,32,43,64,5,10.00,10,14,6
32,7,9.00,13.00,1,14,14,316,0,0,316,32,43,290,2,9.00,9,14,7
32,18,14.00,21.00,1,14,14,316,0,0,316,32,43,1079,5,10.00,10,14,18
32,22,6.00,9.00,3,14,14,316,0,0,316,32,43,1036,4,18.00,18,14,22
32,26,15.00,22.00,5,14,14,316,0,0,316,32,43,428,3,7.00,7,14,26
32,28,10.00,15.00,5,14,14,316,0,0,316,32,43,452,5,21.00,21,14,28
32,29,12.00,18.00,2,14,14,316,0,0,316,32,43,582,1,16.00,16,14,29
34,1,1.00,1.20,1,15,15,475,0,0,475,34,40,1168,2,1.20,1,15,1
34,8,12.00,18.00,2,15,15,475,0,0,475,34,40,861,5,19.00,19,15,8
34,13,14.00,21.00,2,15,15,475,0,0,475,34,40,477,4,12.00,12,15,13
34,17,14.00,21.00,3,15,15,475,0,0,475,34,40,830,1,21.00,21,15,17
34,20,6.00,9.00,2,15,15,475,0,0,475,34,40,1033,4,10.00,10,15,20
34,24,13.00,19.00,5,15,15,475,0,0,475,34,40,829,1,12.00,12,15,24
34,28,10.00,15.00,5,15,15,475,0,0,475,34,40,88,4,21.00,21,15,28
33,1,1.00,1.20,1,16,16,271,0,0,271,33,41,83,1,1.20,1,16,1
33,4,7.00,10.00,2,16,16,271,0,0,271,33,41,551,4,9.00,9,16,4
33,10,11.00,16.00,5,16,16,271,0,0,271,33,41,372,2,18.00,18,16,10
33,21,11.00,16.00,3,16,16,271,0,0,271,33,41,527,4,9.00,9,16,21
33,27,7.00,10.00,5,16,16,271,0,0,271,33,41,938,2,22.00,22,16,27
33,28,10.00,15.00,5,16,16,271,0,0,271,33,41,868,5,21.00,21,16,28
32,6,11.00,16.00,4,17,17,211,0,0,211,32,46,182,1,10.00,10,17,6
32,7,9.00,13.00,1,17,17,211,0,0,211,32,46,717,3,9.00,9,17,7
32,8,12.00,18.00,2,17,17,211,0,0,211,32,46,400,2,19.00,19,17,8
32,8,12.00,18.00,2,17,17,211,0,0,211,32,46,757,5,19.00,19,17,8
32,13,14.00,21.00,2,17,17,211,0,0,211,32,46,1023,4,12.00,12,17,13
32,28,10.00,15.00,5,17,17,211,0,0,211,32,46,408,5,21.00,21,17,28
32,28,10.00,15.00,5,17,17,211,0,0,211,32,46,968,2,21.00,21,17,28
35,5,10.00,15.00,2,18,18,376,0,0,376,35,49,836,4,16.00,16,18,5
35,13,14.00,21.00,2,18,18,376,0,0,376,35,49,1152,3,12.00,12,18,13
35,14,15.00,22.00,1,18,18,376,0,0,376,35,49,884,4,13.00,13,18,14
35,17,14.00,21.00,3,18,18,376,0,0,376,35,49,140,4,21.00,21,18,17
35,23,5.00,7.00,3,18,18,376,0,0,376,35,49,1081,3,13.00,13,18,23
35,27,7.00,10.00,5,18,18,376,0,0,376,35,49,716,3,22.00,22,18,27
32,3,5.00,7.00,2,19,19,199,0,0,199,32,43,1097,4,15.00,15,19,3
32,5,10.00,15.00,2,19,19,199,0,0,199,32,43,791,2,16.00,16,19,5
32,5,10.00,15.00,2,19,19,199,0,0,199,32,43,965,5,16.00,16,19,5
32,5,10.00,15.00,2,19,19,199,0,0,199,32,43,984,1,16.00,16,19,5
32,6,11.00,16.00,4,19,19,199,0,0,199,32,43,613,1,10.00,10,19,6
32,8,12.00,18.00,2,19,19,199,0,0,199,32,43,681,4,19.00,19,19,8
32,9,12.00,18.00,1,19,19,199,0,0,199,32,43,832,1,13.00,13,19,9
32,10,11.00,16.00,5,19,19,199,0,0,199,32,43,1035,4,18.00,18,19,10
32,11,5.00,7.00,3,19,19,199,0,0,199,32,43,565,3,22.00,22,19,11
32,14,15.00,22.00,1,19,19,199,0,0,199,32,43,785,4,13.00,13,19,14
32,18,14.00,21.00,1,19,19,199,0,0,199,32,43,854,1,10.00,10,19,18
32,25,11.00,16.00,5,19,19,199,0,0,199,32,43,544,5,22.00,22,19,25
32,28,10.00,15.00,5,19,19,199,0,0,199,32,43,16,2,21.00,21,19,28
35,1,1.00,1.20,1,20,20,225,0,0,225,35,41,141,3,1.20,1,20,1
35,4,7.00,10.00,2,20,20,225,0,0,225,35,41,56,2,9.00,9,20,4
35,19,14.00,21.00,3,20,20,225,0,0,225,35,41,571,2,7.00,7,20,19
35,30,13.00,19.00,5,20,20,225,0,0,225,35,41,1071,3,15.00,15,20,30
35,11,5.00,7.00,3,21,21,457,0,0,457,35,45,687,1,22.00,22,21,11
35,21,11.00,16.00,3,21,21,457,0,0,457,35,45,1062,4,9.00,9,21,21
35,25,11.00,16.00,5,21,21,457,0,0,457,35,45,317,5,22.00,22,21,25
35,29,12.00,18.00,2,21,21,457,0,0,457,35,45,679,3,16.00,16,21,29
34,1,1.00,1.20,1,22,22,483,0,0,483,34,48,1070,5,1.20,1,22,1
34,2,5.00,7.00,3,22,22,483,0,0,483,34,48,762,4,15.00,15,22,2
34,4,7.00,10.00,2,22,22,483,0,0,483,34,48,731,3,9.00,9,22,4
34,12,6.00,9.00,1,22,22,483,0,0,483,34,48,445,4,15.00,15,22,12
34,15,15.00,22.00,4,22,22,483,0,0,483,34,48,567,1,15.00,15,22,15
34,15,15.00,22.00,4,22,22,483,0,0,483,34,48,894,2,15.00,15,22,15
34,16,13.00,19.00,3,22,22,483,0,0,483,34,48,320,2,9.00,9,22,16
34,21,11.00,16.00,3,22,22,483,0,0,483,34,48,180,1,9.00,9,22,21
34,26,15.00,22.00,5,22,22,483,0,0,483,34,48,1182,4,7.00,7,22,26
34,27,7.00,10.00,5,22,22,483,0,0,483,34,48,300,5,22.00,22,22,27
31,9,12.00,18.00,1,23,23,470,0,0,470,31,48,34,2,13.00,13,23,9
31,12,6.00,9.00,1,23,23,470,0,0,470,31,48,609,4,15.00,15,23,12
31,22,6.00,9.00,3,23,23,470,0,0,470,31,48,1083,4,18.00,18,23,22
31,25,11.00,16.00,5,23,23,470,0,0,470,31,48,707,5,22.00,22,23,25
31,30,13.00,19.00,5,23,23,470,0,0,470,31,48,665,5,15.00,15,23,30
33,3,5.00,7.00,2,24,24,480,0,0,480,33,44,640,1,15.00,15,24,3
33,5,10.00,15.00,2,24,24,480,0,0,480,33,44,175,2,16.00,16,24,5
33,5,10.00,15.00,2,24,24,480,0,0,480,33,44,740,4,16.00,16,24,5
33,7,9.00,13.00,1,24,24,480,0,0,480,33,44,270,3,9.00,9,24,7
33,8,12.00,18.00,2,24,24,480,0,0,480,33,44,247,1,19.00,19,24,8
33,9,12.00,18.00,1,24,24,480,0,0,480,33,44,318,3,13.00,13,24,9
33,15,15.00,22.00,4,24,24,480,0,0,480,33,44,729,5,15.00,15,24,15
33,15,15.00,22.00,4,24,24,480,0,0,480,33,44,920,4,15.00,15,24,15
33,19,14.00,21.00,3,24,24,480,0,0,480,33,44,1008,1,7.00,7,24,19
33,24,13.00,19.00,5,24,24,480,0,0,480,33,44,982,2,12.00,12,24,24
34,3,5.00,7.00,2,25,25,328,0,0,328,34,48,392,3,15.00,15,25,3
34,10,11.00,16.00,5,25,25,328,0,0,328,34,48,384,1,18.00,18,25,10
34,13,14.00,21.00,2,25,25,328,0,0,328,34,48,409,5,12.00,12,25,13
34,14,15.00,22.00,1,25,25,328,0,0,328,34,48,753,3,13.00,13,25,14
34,26,15.00,22.00,5,25,25,328,0,0,328,34,48,126,4,7.00,7,25,26
32,3,5.00,7.00,2,26,26,147,0,0,147,32,45,752,5,15.00,15,26,3
32,18,14.00,21.00,1,26,26,147,0,0,147,32,45,536,1,10.00,10,26,18
32,23,5.00,7.00,3,26,26,147,0,0,147,32,45,139,4,13.00,13,26,23
32,24,13.00,19.00,5,26,26,147,0,0,147,32,45,872,1,12.00,12,26,24
32,28,10.00,15.00,5,26,26,147,0,0,147,32,45,1134,3,21.00,21,26,28
32,1,1.00,1.20,1,27,27,373,0,0,373,32,42,195,1,1.20,1,27,1
32,1,1.00,1.20,1,27,27,373,0,0,373,32,42,475,1,1.20,1,27,1
32,5,10.00,15.00,2,27,27,373,0,0,373,32,42,381,1,16.00,16,27,5
32,12,6.00,9.00,1,27,27,373,0,0,373,32,42,5,4,15.00,15,27,12
32,14,15.00,22.00,1,27,27,373,0,0,373,32,42,992,5,13.00,13,27,14
31,6,11.00,16.00,4,28,28,312,0,0,312,31,44,6,5,10.00,10,28,6
31,8,12.00,18.00,2,28,28,312,0,0,312,31,44,937,1,19.00,19,28,8
31,13,14.00,21.00,2,28,28,312,0,0,312,31,44,158,3,12.00,12,28,13
31,16,13.00,19.00,3,28,28,312,0,0,312,31,44,981,4,9.00,9,28,16
31,20,6.00,9.00,2,28,28,312,0,0,312,31,44,1140,2,10.00,10,28,20
31,23,5.00,7.00,3,28,28,312,0,0,312,31,44,893,4,13.00,13,28,23
31,24,13.00,19.00,5,28,28,312,0,0,312,31,44,936,5,12.00,12,28,24
31,25,11.00,16.00,5,28,28,312,0,0,312,31,44,435,4,22.00,22,28,25
31,25,11.00,16.00,5,28,28,312,0,0,312,31,44,994,4,22.00,22,28,25
35,1,1.00,1.20,1,29,29,151,0,0,151,35,46,97,5,1.20,1,29,1
35,11,5.00,7.00,3,29,29,151,0,0,151,35,46,99,4,22.00,22,29,11
35,11,5.00,7.00,3,29,29,151,0,0,151,35,46,547,3,22.00,22,29,11
35,15,15.00,22.00,4,29,29,151,0,0,151,35,46,1115,3,15.00,15,29,15
35,25,11.00,16.00,5,29,29,151,0,0,151,35,46,721,3,22.00,22,29,25
35,26,15.00,22.00,5,29,29,151,0,0,151,35,46,45,5,7.00,7,29,26
36,8,12.00,18.00,2,30,30,441,0,0,441,36,48,662,3,19.00,19,30,8
36,11,5.00,7.00,3,30,30,441,0,0,441,36,48,540,5,22.00,22,30,11
36,12,6.00,9.00,1,30,30,441,0,0,441,36,48,906,4,15.00,15,30,12
36,16,13.00,19.00,3,30,30,441,0,0,441,36,48,932,2,9.00,9,30,16
36,19,14.00,21.00,3,30,30,441,0,0,441,36,48,38,5,7.00,7,30,19
36,29,12.00,18.00,2,30,30,441,0,0,441,36,48,1003,3,16.00,16,30,29
36,1,1.00,1.20,1,31,31,459,0,0,459,36,38,852,3,1.20,1,31,1
36,9,12.00,18.00,1,31,31,459,0,0,459,36,38,20,2,13.00,13,31,9
36,13,14.00,21.00,2,31,31,459,0,0,459,36,38,378,2,12.00,12,31,13
36,15,15.00,22.00,4,31,31,459,0,0,459,36,38,263,3,15.00,15,31,15
36,16,13.00,19.00,3,31,31,459,0,0,459,36,38,1137,1,9.00,9,31,16
36,18,14.00,21.00,1,31,31,459,0,0,459,36,38,1034,2,10.00,10,31,18
36,21,11.00,16.00,3,31,31,459,0,0,459,36,38,596,1,9.00,9,31,21
36,24,13.00,19.00,5,31,31,459,0,0,459,36,38,840,5,12.00,12,31,24
36,28,10.00,15.00,5,31,31,459,0,0,459,36,38,189,1,21.00,21,31,28
31,1,1.00,1.20,1,32,32,244,0,0,244,31,46,391,4,1.20,1,32,1
31,3,5.00,7.00,2,32,32,244,0,0,244,31,46,319,5,15.00,15,32,3
31,8,12.00,18.00,2,32,32,244,0,0,244,31,46,811,4,19.00,19,32,8
31,15,15.00,22.00,4,32,32,244,0,0,244,31,46,946,3,15.00,15,32,15
31,26,15.00,22.00,5,32,32,244,0,0,244,31,46,59,2,7.00,7,32,26
35,10,11.00,16.00,5,33,33,331,0,0,331,35,43,463,3,18.00,18,33,10
35,17,14.00,21.00,3,33,33,331,0,0,331,35,43,14,1,21.00,21,33,17
35,17,14.00,21.00,3,33,33,331,0,0,331,35,43,690,3,21.00,21,33,17
35,25,11.00,16.00,5,33,33,331,0,0,331,35,43,636,1,22.00,22,33,25
35,27,7.00,10.00,5,33,33,331,0,0,331,35,43,411,2,22.00,22,33,27
35,29,12.00,18.00,2,33,33,331,0,0,331,35,43,608,5,16.00,16,33,29
32,1,1.00,1.20,1,34,34,200,0,0,200,32,38,163,3,1.20,1,34,1
32,2,5.00,7.00,3,34,34,200,0,0,200,32,38,786,2,15.00,15,34,2
32,14,15.00,22.00,1,34,34,200,0,0,200,32,38,311,3,13.00,13,34,14
32,18,14.00,21.00,1,34,34,200,0,0,200,32,38,301,1,10.00,10,34,18
32,20,6.00,9.00,2,34,34,200,0,0,200,32,38,249,3,10.00,10,34,20
32,24,13.00,19.00,5,34,34,200,0,0,200,32,38,626,5,12.00,12,34,24
31,4,7.00,10.00,2,35,35,192,0,0,192,31,49,206,4,9.00,9,35,4
31,12,6.00,9.00,1,35,35,192,0,0,192,31,49,901,1,15.00,15,35,12
31,14,15.00,22.00,1,35,35,192,0,0,192,31,49,451,3,13.00,13,35,14
31,19,14.00,21.00,3,35,35,192,0,0,192,31,49,94,1,7.00,7,35,19
31,21,11.00,16.00,3,35,35,192,0,0,192,31,49,508,1,9.00,9,35,21
31,22,6.00,9.00,3,35,35,192,0,0,192,31,49,267,3,18.00,18,35,22
31,22,6.00,9.00,3,35,35,192,0,0,192,31,49,684,1,18.00,18,35,22
31,24,13.00,19.00,5,35,35,192,0,0,192,31,49,770,2,12.00,12,35,24
35,10,11.00,16.00,5,36,36,409,0,0,409,35,39,885,5,18.00,18,36,10
35,11,5.00,7.00,3,36,36,409,0,0,409,35,39,106,5,22.00,22,36,11
35,19,14.00,21.00,3,36,36,409,0,0,409,35,39,481,2,7.00,7,36,19
35,20,6.00,9.00,2,36,36,409,0,0,409,35,39,380,3,10.00,10,36,20
32,1,1.00,1.20,1,37,37,278,0,0,278,32,50,410,4,1.20,1,37,1
32,2,5.00,7.00,3,37,37,278,0,0,278,32,50,132,5,15.00,15,37,2
32,4,7.00,10.00,2,37,37,278,0,0,278,32,50,860,2,9.00,9,37,4
32,5,10.00,15.00,2,37,37,278,0,0,278,32,50,958,2,16.00,16,37,5
32,9,12.00,18.00,1,37,37,278,0,0,278,32,50,663,4,13.00,13,37,9
32,9,12.00,18.00,1,37,37,278,0,0,278,32,50,858,2,13.00,13,37,9
32,11,5.00,7.00,3,37,37,278,0,0,278,32,50,198,5,22.00,22,37,11
32,23,5.00,7.00,3,37,37,278,0,0,278,32,50,48,4,13.00,13,37,23
32,30,13.00,19.00,5,37,37,278,0,0,278,32,50,923,5,15.00,15,37,30
33,15,15.00,22.00,4,38,38,363,0,0,363,33,38,576,5,15.00,15,38,15
33,16,13.00,19.00,3,38,38,363,0,0,363,33,38,374,3,9.00,9,38,16
33,17,14.00,21.00,3,38,38,363,0,0,363,33,38,1162,5,21.00,21,38,17
33,18,14.00,21.00,1,38,38,363,0,0,363,33,38,265,4,10.00,10,38,18
33,28,10.00,15.00,5,38,38,363,0,0,363,33,38,366,5,21.00,21,38,28
36,1,1.00,1.20,1,39,39,384,0,0,384,36,45,704,2,1.20,1,39,1
36,18,14.00,21.00,1,39,39,384,0,0,384,36,45,53,3,10.00,10,39,18
36,21,11.00,16.00,3,39,39,384,0,0,384,36,45,682,2,9.00,9,39,21
36,22,6.00,9.00,3,39,39,384,0,0,384,36,45,653,4,18.00,18,39,22
36,30,13.00,19.00,5,39,39,384,0,0,384,36,45,237,4,15.00,15,39,30
36,7,9.00,13.00,1,40,40,239,0,0,239,36,40,447,5,9.00,9,40,7
36,8,12.00,18.00,2,40,40,239,0,0,239,36,40,197,2,19.00,19,40,8
36,8,12.00,18.00,2,40,40,239,0,0,239,36,40,1031,5,19.00,19,40,8
36,9,12.00,18.00,1,40,40,239,0,0,239,36,40,618,2,13.00,13,40,9
36,13,14.00,21.00,2,40,40,239,0,0,239,36,40,909,2,12.00,12,40,13
36,13,14.00,21.00,2,40,40,239,0,0,239,36,40,1142,4,12.00,12,40,13
36,20,6.00,9.00,2,40,40,239,0,0,239,36,40,798,5,10.00,10,40,20
32,1,1.00,1.20,1,41,41,354,0,0,354,32,44,556,2,1.20,1,41,1
32,9,12.00,18.00,1,41,41,354,0,0,354,32,44,1148,5,13.00,13,41,9
32,15,15.00,22.00,4,41,41,354,0,0,354,32,44,702,2,15.00,15,41,15
32,17,14.00,21.00,3,41,41,354,0,0,354,32,44,390,5,21.00,21,41,17
32,19,14.00,21.00,3,41,41,354,0,0,354,32,44,349,5,7.00,7,41,19
32,28,10.00,15.00,5,41,41,354,0,0,354,32,44,386,2,21.00,21,41,28
32,5,10.00,15.00,2,42,42,419,0,0,419,32,40,718,5,16.00,16,42,5
32,6,11.00,16.00,4,42,42,419,0,0,419,32,40,363,3,10.00,10,42,6
32,12,6.00,9.00,1,42,42,419,0,0,419,32,40,490,5,15.00,15,42,12
32,18,14.00,21.00,1,42,42,419,0,0,419,32,40,116,1,10.00,10,42,18
32,19,14.00,21.00,3,42,42,419,0,0,419,32,40,869,4,7.00,7,42,19
33,10,11.00,16.00,5,43,43,181,0,0,181,33,43,10,2,18.00,18,43,10
33,11,5.00,7.00,3,43,43,181,0,0,181,33,43,382,5,22.00,22,43,11
33,12,6.00,9.00,1,43,43,181,0,0,181,33,43,111,3,15.00,15,43,12
33,25,11.00,16.00,5,43,43,181,0,0,181,33,43,124,5,22.00,22,43,25
33,28,10.00,15.00,5,43,43,181,0,0,181,33,43,280,2,21.00,21,43,28
35,9,12.00,18.00,1,44,44,149,0,0,149,35,42,1017,1,13.00,13,44,9
35,19,14.00,21.00,3,44,44,149,0,0,149,35,42,268,3,7.00,7,44,19
35,26,15.00,22.00,5,44,44,149,0,0,149,35,42,1118,4,7.00,7,44,26
35,27,7.00,10.00,5,44,44,149,0,0,149,35,42,605,2,22.00,22,44,27
33,4,7.00,10.00,2,45,45,436,0,0,436,33,41,138,2,9.00,9,45,4
33,4,7.00,10.00,2,45,45,436,0,0,436,33,41,974,3,9.00,9,45,4
33,20,6.00,9.00,2,45,45,436,0,0,436,33,41,150,3,10.00,10,45,20
34,11,5.00,7.00,3,46,46,495,0,0,495,34,41,1119,4,22.00,22,46,11
34,14,15.00,22.00,1,46,46,495,0,0,495,34,41,1100,2,13.00,13,46,14
34,18,14.00,21.00,1,46,46,495,0,0,495,34,41,482,3,10.00,10,46,18
34,20,6.00,9.00,2,46,46,495,0,0,495,34,41,84,4,10.00,10,46,20
34,26,15.00,22.00,5,46,46,495,0,0,495,34,41,976,5,7.00,7,46,26
34,27,7.00,10.00,5,46,46,495,0,0,495,34,41,969,5,22.00,22,46,27
36,4,7.00,10.00,2,47,47,130,0,0,130,36,40,52,2,9.00,9,47,4
36,8,12.00,18.00,2,47,47,130,0,0,130,36,40,342,4,19.00,19,47,8
36,8,12.00,18.00,2,47,47,130,0,0,130,36,40,488,4,19.00,19,47,8
36,9,12.00,18.00,1,47,47,130,0,0,130,36,40,1127,3,13.00,13,47,9
36,11,5.00,7.00,3,47,47,130,0,0,130,36,40,730,5,22.00,22,47,11
36,11,5.00,7.00,3,47,47,130,0,0,130,36,40,850,4,22.00,22,47,11
36,15,15.00,22.00,4,47,47,130,0,0,130,36,40,441,1,15.00,15,47,15
36,19,14.00,21.00,3,47,47,130,0,0,130,36,40,128,1,7.00,7,47,19
36,22,6.00,9.00,3,47,47,130,0,0,130,36,40,1133,3,18.00,18,47,22
36,26,15.00,22.00,5,47,47,130,0,0,130,36,40,903,4,7.00,7,47,26
36,28,10.00,15.00,5,47,47,130,0,0,130,36,40,387,1,21.00,21,47,28
33,7,9.00,13.00,1,48,48,164,0,0,164,33,50,841,2,9.00,9,48,7
33,9,12.00,18.00,1,48,48,164,0,0,164,33,50,719,3,13.00,13,48,9
33,17,14.00,21.00,3,48,48,164,0,0,164,33,50,933,5,21.00,21,48,17
33,25,11.00,16.00,5,48,48,164,0,0,164,33,50,519,3,22.00,22,48,25
33,29,12.00,18.00,2,48,48,164,0,0,164,33,50,364,1,16.00,16,48,29
33,29,12.00,18.00,2,48,48,164,0,0,164,33,50,949,2,16.00,16,48,29
35,3,5.00,7.00,2,49,49,417,0,0,417,35,41,812,2,15.00,15,49,3
35,8,12.00,18.00,2,49,49,417,0,0,417,35,41,580,4,19.00,19,49,8
35,12,6.00,9.00,1,49,49,417,0,0,417,35,41,266,2,15.00,15,49,12
35,23,5.00,7.00,3,49,49,417,0,0,417,35,41,1130,1,13.00,13,49,23
31,2,5.00,7.00,3,50,50,434,0,0,434,31,37,70,4,15.00,15,50,2
31,3,5.00,7.00,2,50,50,434,0,0,434,31,37,726,1,15.00,15,50,3
31,16,13.00,19.00,3,50,50,434,0,0,434,31,37,898,2,9.00,9,50,16
31,16,13.00,19.00,3,50,50,434,0,0,434,31,37,1096,1,9.00,9,50,16
31,18,14.00,21.00,1,50,50,434,0,0,434,31,37,1172,2,10.00,10,50,18
31,24,13.00,19.00,5,50,50,434,0,0,434,31,37,438,5,12.00,12,50,24
36,10,11.00,16.00,5,51,51,35,0,0,35,36,36,302,1,18.00,18,51,10
36,19,14.00,21.00,3,51,51,35,0,0,35,36,36,871,2,7.00,7,51,19
36,23,5.00,7.00,3,51,51,35,0,0,35,36,36,1112,4,13.00,13,51,23
36,27,7.00,10.00,5,51,51,35,0,0,35,36,36,675,5,22.00,22,51,27
36,28,10.00,15.00,5,51,51,35,0,0,35,36,36,233,2,21.00,21,51,28
36,30,13.00,19.00,5,51,51,35,0,0,35,36,36,1101,5,15.00,15,51,30
36,5,10.00,15.00,2,52,52,39,0,0,39,36,31,1158,5,16.00,16,52,5
36,27,7.00,10.00,5,52,52,39,0,0,39,36,31,1144,2,22.00,22,52,27
36,30,13.00,19.00,5,52,52,39,0,0,39,36,31,389,3,15.00,15,52,30
33,5,10.00,15.00,2,53,53,20,0,0,20,33,31,1173,4,16.00,16,53,5
33,13,14.00,21.00,2,53,53,20,0,0,20,33,31,49,3,12.00,12,53,13
33,21,11.00,16.00,3,53,53,20,0,0,20,33,31,1045,1,9.00,9,53,21
33,23,5.00,7.00,3,53,53,20,0,0,20,33,31,820,5,13.00,13,53,23
34,6,11.00,16.00,4,54,54,44,0,0,44,34,35,262,1,10.00,10,54,6
34,6,11.00,16.00,4,54,54,44,0,0,44,34,35,529,1,10.00,10,54,6
34,14,15.00,22.00,1,54,54,44,0,0,44,34,35,897,1,13.00,13,54,14
34,17,14.00,21.00,3,54,54,44,0,0,44,34,35,215,3,21.00,21,54,17
34,21,11.00,16.00,3,54,54,44,0,0,44,34,35,549,5,9.00,9,54,21
34,22,6.00,9.00,3,54,54,44,0,0,44,34,35,219,3,18.00,18,54,22
32,1,1.00,1.20,1,55,55,49,0,0,49,32,36,240,4,1.20,1,55,1
32,4,7.00,10.00,2,55,55,49,0,0,49,32,36,243,2,9.00,9,55,4
32,4,7.00,10.00,2,55,55,49,0,0,49,32,36,325,3,9.00,9,55,4
32,8,12.00,18.00,2,55,55,49,0,0,49,32,36,918,1,19.00,19,55,8
32,20,6.00,9.00,2,55,55,49,0,0,49,32,36,27,4,10.00,10,55,20
32,21,11.00,16.00,3,55,55,49,0,0,49,32,36,602,4,9.00,9,55,21
32,21,11.00,16.00,3,55,55,49,0,0,49,32,36,939,5,9.00,9,55,21
32,21,11.00,16.00,3,55,55,49,0,0,49,32,36,1048,5,9.00,9,55,21
32,25,11.00,16.00,5,55,55,49,0,0,49,32,36,1138,5,22.00,22,55,25
32,26,15.00,22.00,5,55,55,49,0,0,49,32,36,330,5,7.00,7,55,26
32,26,15.00,22.00,5,55,55,49,0,0,49,32,36,1090,2,7.00,7,55,26
32,27,7.00,10.00,5,55,55,49,0,0,49,32,36,1046,4,22.00,22,55,27
33,9,12.00,18.00,1,56,56,8,0,0,8,33,35,297,1,13.00,13,56,9
33,9,12.00,18.00,1,56,56,8,0,0,8,33,35,1199,2,13.00,13,56,9
33,18,14.00,21.00,1,56,56,8,0,0,8,33,35,72,2,10.00,10,56,18
33,20,6.00,9.00,2,56,56,8,0,0,8,33,35,1020,2,10.00,10,56,20
33,25,11.00,16.00,5,56,56,8,0,0,8,33,35,299,5,22.00,22,56,25
33,29,12.00,18.00,2,56,56,8,0,0,8,33,35,294,2,16.00,16,56,29
31,6,11.00,16.00,4,57,57,20,0,0,20,31,35,120,2,10.00,10,57,6
31,11,5.00,7.00,3,57,57,20,0,0,20,31,35,26,2,22.00,22,57,11
31,21,11.00,16.00,3,57,57,20,0,0,20,31,35,1104,2,9.00,9,57,21
31,25,11.00,16.00,5,57,57,20,0,0,20,31,35,833,3,22.00,22,57,25
31,1,1.00,1.20,1,58,58,40,0,0,40,31,36,24,2,1.20,1,58,1
31,14,15.00,22.00,1,58,58,40,0,0,40,31,36,121,2,13.00,13,58,14
31,19,14.00,21.00,3,58,58,40,0,0,40,31,36,543,2,7.00,7,58,19
31,21,11.00,16.00,3,58,58,40,0,0,40,31,36,414,3,9.00,9,58,21
31,21,11.00,16.00,3,58,58,40,0,0,40,31,36,1111,2,9.00,9,58,21
31,26,15.00,22.00,5,58,58,40,0,0,40,31,36,277,3,7.00,7,58,26
33,4,7.00,10.00,2,59,59,44,0,0,44,33,35,346,5,9.00,9,59,4
33,7,9.00,13.00,1,59,59,44,0,0,44,33,35,204,3,9.00,9,59,7
33,7,9.00,13.00,1,59,59,44,0,0,44,33,35,900,3,9.00,9,59,7
33,12,6.00,9.00,1,59,59,44,0,0,44,33,35,739,1,15.00,15,59,12
33,13,14.00,21.00,2,59,59,44,0,0,44,33,35,650,3,12.00,12,59,13
33,20,6.00,9.00,2,59,59,44,0,0,44,33,35,440,4,10.00,10,59,20
33,28,10.00,15.00,5,59,59,44,0,0,44,33,35,597,2,21.00,21,59,28
32,3,5.00,7.00,2,60,60,46,0,0,46,32,36,1123,1,15.00,15,60,3
32,8,12.00,18.00,2,60,60,46,0,0,46,32,36,783,3,19.00,19,60,8
32,14,15.00,22.00,1,60,60,46,0,0,46,32,36,367,5,13.00,13,60,14
32,28,10.00,15.00,5,60,60,46,0,0,46,32,36,678,2,21.00,21,60,28
32,5,10.00,15.00,2,61,61,24,0,0,24,32,31,563,4,16.00,16,61,5
32,9,12.00,18.00,1,61,61,24,0,0,24,32,31,656,2,13.00,13,61,9
32,14,15.00,22.00,1,61,61,24,0,0,24,32,31,1054,4,13.00,13,61,14
32,17,14.00,21.00,3,61,61,24,0,0,24,32,31,756,4,21.00,21,61,17
32,18,14.00,21.00,1,61,61,24,0,0,24,32,31,837,5,10.00,10,61,18
32,20,6.00,9.00,2,61,61,24,0,0,24,32,31,177,5,10.00,10,61,20
32,3,5.00,7.00,2,62,62,8,0,0,8,32,35,1147,4,15.00,15,62,3
32,8,12.00,18.00,2,62,62,8,0,0,8,32,35,125,5,19.00,19,62,8
32,14,15.00,22.00,1,62,62,8,0,0,8,32,35,744,4,13.00,13,62,14
32,17,14.00,21.00,3,62,62,8,0,0,8,32,35,927,2,21.00,21,62,17
32,20,6.00,9.00,2,62,62,8,0,0,8,32,35,849,3,10.00,10,62,20
32,29,12.00,18.00,2,62,62,8,0,0,8,32,35,181,2,16.00,16,62,29
33,9,12.00,18.00,1,63,63,41,0,0,41,33,36,453,4,13.00,13,63,9
33,10,11.00,16.00,5,63,63,41,0,0,41,33,36,149,2,18.00,18,63,10
33,20,6.00,9.00,2,63,63,41,0,0,41,33,36,113,2,10.00,10,63,20
33,20,6.00,9.00,2,63,63,41,0,0,41,33,36,705,3,10.00,10,63,20
31,2,5.00,7.00,3,64,64,42,0,0,42,31,35,43,5,15.00,15,64,2
31,3,5.00,7.00,2,64,64,42,0,0,42,31,35,1171,2,15.00,15,64,3
31,8,12.00,18.00,2,64,64,42,0,0,42,31,35,560,2,19.00,19,64,8
31,10,11.00,16.00,5,64,64,42,0,0,42,31,35,157,1,18.00,18,64,10
31,19,14.00,21.00,3,64,64,42,0,0,42,31,35,614,3,7.00,7,64,19
31,26,15.00,22.00,5,64,64,42,0,0,42,31,35,143,4,7.00,7,64,26
31,27,7.00,10.00,5,64,64,42,0,0,42,31,35,863,2,22.00,22,64,27
31,28,10.00,15.00,5,64,64,42,0,0,42,31,35,276,5,21.00,21,64,28
31,28,10.00,15.00,5,64,64,42,0,0,42,31,35,430,1,21.00,21,64,28
31,28,10.00,15.00,5,64,64,42,0,0,42,31,35,522,4,21.00,21,64,28
33,9,12.00,18.00,1,65,65,14,0,0,14,33,36,1114,5,13.00,13,65,9
33,10,11.00,16.00,5,65,65,14,0,0,14,33,36,855,5,18.00,18,65,10
33,26,15.00,22.00,5,65,65,14,0,0,14,33,36,575,4,7.00,7,65,26
32,7,9.00,13.00,1,66,66,40,0,0,40,32,32,109,2,9.00,9,66,7
32,12,6.00,9.00,1,66,66,40,0,0,40,32,32,79,5,15.00,15,66,12
32,14,15.00,22.00,1,66,66,40,0,0,40,32,32,711,1,13.00,13,66,14
32,17,14.00,21.00,3,66,66,40,0,0,40,32,32,610,1,21.00,21,66,17
32,22,6.00,9.00,3,66,66,40,0,0,40,32,32,649,5,18.00,18,66,22
33,4,7.00,10.00,2,67,67,8,0,0,8,33,36,738,4,9.00,9,67,4
33,14,15.00,22.00,1,67,67,8,0,0,8,33,36,117,4,13.00,13,67,14
33,27,7.00,10.00,5,67,67,8,0,0,8,33,36,821,4,22.00,22,67,27
33,28,10.00,15.00,5,67,67,8,0,0,8,33,36,621,4,21.00,21,67,28
33,30,13.00,19.00,5,67,67,8,0,0,8,33,36,439,2,15.00,15,67,30
32,8,12.00,18.00,2,68,68,34,0,0,34,32,34,1051,1,19.00,19,68,8
32,10,11.00,16.00,5,68,68,34,0,0,34,32,34,1154,3,18.00,18,68,10
32,17,14.00,21.00,3,68,68,34,0,0,34,32,34,570,4,21.00,21,68,17
32,24,13.00,19.00,5,68,68,34,0,0,34,32,34,360,5,12.00,12,68,24
32,26,15.00,22.00,5,68,68,34,0,0,34,32,34,255,4,7.00,7,68,26
32,27,7.00,10.00,5,68,68,34,0,0,34,32,34,284,1,22.00,22,68,27
34,5,10.00,15.00,2,69,69,11,0,0,11,34,36,2,2,16.00,16,69,5
34,16,13.00,19.00,3,69,69,11,0,0,11,34,36,459,2,9.00,9,69,16
34,17,14.00,21.00,3,69,69,11,0,0,11,34,36,1049,5,21.00,21,69,17
34,21,11.00,16.00,3,69,69,11,0,0,11,34,36,1110,5,9.00,9,69,21
31,2,5.00,7.00,3,70,70,14,0,0,14,31,33,625,3,15.00,15,70,2
31,7,9.00,13.00,1,70,70,14,0,0,14,31,33,745,3,9.00,9,70,7
31,8,12.00,18.00,2,70,70,14,0,0,14,31,33,308,5,19.00,19,70,8
31,10,11.00,16.00,5,70,70,14,0,0,14,31,33,883,3,18.00,18,70,10
31,24,13.00,19.00,5,70,70,14,0,0,14,31,33,877,2,12.00,12,70,24
31,24,13.00,19.00,5,70,70,14,0,0,14,31,33,990,3,12.00,12,70,24
31,29,12.00,18.00,2,70,70,14,0,0,14,31,33,652,4,16.00,16,70,29
31,29,12.00,18.00,2,70,70,14,0,0,14,31,33,874,4,16.00,16,70,29
36,9,12.00,18.00,1,71,71,14,0,0,14,36,31,377,2,13.00,13,71,9
36,17,14.00,21.00,3,71,71,14,0,0,14,36,31,666,2,21.00,21,71,17
36,20,6.00,9.00,2,71,71,14,0,0,14,36,31,114,3,10.00,10,71,20
36,20,6.00,9.00,2,71,71,14,0,0,14,36,31,398,4,10.00,10,71,20
36,26,15.00,22.00,5,71,71,14,0,0,14,36,31,948,1,7.00,7,71,26
36,27,7.00,10.00,5,71,71,14,0,0,14,36,31,617,4,22.00,22,71,27
36,28,10.00,15.00,5,71,71,14,0,0,14,36,31,709,3,21.00,21,71,28
36,30,13.00,19.00,5,71,71,14,0,0,14,36,31,514,5,15.00,15,71,30
35,1,1.00,1.20,1,72,72,47,0,0,47,35,35,348,3,1.20,1,72,1
35,3,5.00,7.00,2,72,72,47,0,0,47,35,35,1161,2,15.00,15,72,3
35,8,12.00,18.00,2,72,72,47,0,0,47,35,35,651,2,19.00,19,72,8
35,11,5.00,7.00,3,72,72,47,0,0,47,35,35,699,3,22.00,22,72,11
35,15,15.00,22.00,4,72,72,47,0,0,47,35,35,396,3,15.00,15,72,15
35,17,14.00,21.00,3,72,72,47,0,0,47,35,35,776,1,21.00,21,72,17
35,20,6.00,9.00,2,72,72,47,0,0,47,35,35,227,2,10.00,10,72,20
35,29,12.00,18.00,2,72,72,47,0,0,47,35,35,945,5,16.00,16,72,29
36,11,5.00,7.00,3,73,73,30,0,0,30,36,36,421,3,22.00,22,73,11
36,14,15.00,22.00,1,73,73,30,0,0,30,36,36,309,4,13.00,13,73,14
36,14,15.00,22.00,1,73,73,30,0,0,30,36,36,670,4,13.00,13,73,14
36,22,6.00,9.00,3,73,73,30,0,0,30,36,36,637,5,18.00,18,73,22
36,24,13.00,19.00,5,73,73,30,0,0,30,36,36,385,5,12.00,12,73,24
31,3,5.00,7.00,2,74,74,9,0,0,9,31,33,273,1,15.00,15,74,3
31,6,11.00,16.00,4,74,74,9,0,0,9,31,33,851,5,10.00,10,74,6
31,16,13.00,19.00,3,74,74,9,0,0,9,31,33,223,2,9.00,9,74,16
31,18,14.00,21.00,1,74,74,9,0,0,9,31,33,1177,3,10.00,10,74,18
31,2,5.00,7.00,3,75,75,8,0,0,8,31,35,457,3,15.00,15,75,2
31,8,12.00,18.00,2,75,75,8,0,0,8,31,35,747,4,19.00,19,75,8
31,16,13.00,19.00,3,75,75,8,0,0,8,31,35,643,5,9.00,9,75,16
31,20,6.00,9.00,2,75,75,8,0,0,8,31,35,245,2,10.00,10,75,20
31,22,6.00,9.00,3,75,75,8,0,0,8,31,35,723,3,18.00,18,75,22
31,27,7.00,10.00,5,75,75,8,0,0,8,31,35,218,5,22.00,22,75,27
31,18,14.00,21.00,1,76,76,41,0,0,41,31,34,692,2,10.00,10,76,18
31,25,11.00,16.00,5,76,76,41,0,0,41,31,34,246,2,22.00,22,76,25
33,3,5.00,7.00,2,77,77,18,0,0,18,33,33,29,2,15.00,15,77,3
33,5,10.00,15.00,2,77,77,18,0,0,18,33,33,526,3,16.00,16,77,5
33,9,12.00,18.00,1,77,77,18,0,0,18,33,33,130,5,13.00,13,77,9
33,10,11.00,16.00,5,77,77,18,0,0,18,33,33,1163,2,18.00,18,77,10
33,16,13.00,19.00,3,77,77,18,0,0,18,33,33,307,1,9.00,9,77,16
33,19,14.00,21.00,3,77,77,18,0,0,18,33,33,1087,5,7.00,7,77,19
33,27,7.00,10.00,5,77,77,18,0,0,18,33,33,169,3,22.00,22,77,27
36,8,12.00,18.00,2,78,78,29,0,0,29,36,31,37,5,19.00,19,78,8
36,9,12.00,18.00,1,78,78,29,0,0,29,36,31,357,1,13.00,13,78,9
36,14,15.00,22.00,1,78,78,29,0,0,29,36,31,259,5,13.00,13,78,14
36,14,15.00,22.00,1,78,78,29,0,0,29,36,31,647,1,13.00,13,78,14
31,1,1.00,1.20,1,79,79,40,0,0,40,31,34,1113,4,1.20,1,79,1
31,2,5.00,7.00,3,79,79,40,0,0,40,31,34,472,5,15.00,15,79,2
31,11,5.00,7.00,3,79,79,40,0,0,40,31,34,727,5,22.00,22,79,11
31,16,13.00,19.00,3,79,79,40,0,0,40,31,34,941,3,9.00,9,79,16
31,18,14.00,21.00,1,79,79,40,0,0,40,31,34,810,1,10.00,10,79,18
31,20,6.00,9.00,2,79,79,40,0,0,40,31,34,275,4,10.00,10,79,20
31,22,6.00,9.00,3,79,79,40,0,0,40,31,34,98,1,18.00,18,79,22
31,29,12.00,18.00,2,79,79,40,0,0,40,31,34,458,2,16.00,16,79,29
36,1,1.00,1.20,1,80,80,32,0,0,32,36,33,8,3,1.20,1,80,1
36,1,1.00,1.20,1,80,80,32,0,0,32,36,33,1129,5,1.20,1,80,1
36,12,6.00,9.00,1,80,80,32,0,0,32,36,33,1109,5,15.00,15,80,12
36,12,6.00,9.00,1,80,80,32,0,0,32,36,33,1176,5,15.00,15,80,12
36,16,13.00,19.00,3,80,80,32,0,0,32,36,33,456,1,9.00,9,80,16
36,20,6.00,9.00,2,80,80,32,0,0,32,36,33,915,3,10.00,10,80,20
36,21,11.00,16.00,3,80,80,32,0,0,32,36,33,847,4,9.00,9,80,21
36,22,6.00,9.00,3,80,80,32,0,0,32,36,33,67,4,18.00,18,80,22
36,24,13.00,19.00,5,80,80,32,0,0,32,36,33,256,1,12.00,12,80,24
36,27,7.00,10.00,5,80,80,32,0,0,32,36,33,750,5,22.00,22,80,27
36,29,12.00,18.00,2,80,80,32,0,0,32,36,33,212,5,16.00,16,80,29
36,2,5.00,7.00,3,81,81,7,0,0,7,36,36,510,5,15.00,15,81,2
36,4,7.00,10.00,2,81,81,7,0,0,7,36,36,13,1,9.00,9,81,4
36,4,7.00,10.00,2,81,81,7,0,0,7,36,36,42,2,9.00,9,81,4
36,6,11.00,16.00,4,81,81,7,0,0,7,36,36,587,4,10.00,10,81,6
36,17,14.00,21.00,3,81,81,7,0,0,7,36,36,101,2,21.00,21,81,17
36,23,5.00,7.00,3,81,81,7,0,0,7,36,36,1157,4,13.00,13,81,23
36,27,7.00,10.00,5,81,81,7,0,0,7,36,36,73,3,22.00,22,81,27
36,30,13.00,19.00,5,81,81,7,0,0,7,36,36,930,5,15.00,15,81,30
31,3,5.00,7.00,2,82,82,42,0,0,42,31,33,1047,4,15.00,15,82,3
31,23,5.00,7.00,3,82,82,42,0,0,42,31,33,878,5,13.00,13,82,23
31,27,7.00,10.00,5,82,82,42,0,0,42,31,33,1170,1,22.00,22,82,27
31,28,10.00,15.00,5,82,82,42,0,0,42,31,33,741,1,21.00,21,82,28
35,12,6.00,9.00,1,83,83,28,0,0,28,35,36,1000,2,15.00,15,83,12
35,17,14.00,21.00,3,83,83,28,0,0,28,35,36,771,4,21.00,21,83,17
35,24,13.00,19.00,5,83,83,28,0,0,28,35,36,1011,3,12.00,12,83,24
35,29,12.00,18.00,2,83,83,28,0,0,28,35,36,406,2,16.00,16,83,29
36,7,9.00,13.00,1,84,84,14,0,0,14,36,32,843,5,9.00,9,84,7
36,10,11.00,16.00,5,84,84,14,0,0,14,36,32,795,2,18.00,18,84,10
36,11,5.00,7.00,3,84,84,14,0,0,14,36,32,306,2,22.00,22,84,11
36,12,6.00,9.00,1,84,84,14,0,0,14,36,32,100,3,15.00,15,84,12
36,16,13.00,19.00,3,84,84,14,0,0,14,36,32,1059,3,9.00,9,84,16
36,25,11.00,16.00,5,84,84,14,0,0,14,36,32,1186,3,22.00,22,84,25
36,27,7.00,10.00,5,84,84,14,0,0,14,36,32,1139,2,22.00,22,84,27
36,28,10.00,15.00,5,84,84,14,0,0,14,36,32,1184,5,21.00,21,84,28
32,8,12.00,18.00,2,85,85,24,0,0,24,32,35,695,1,19.00,19,85,8
32,13,14.00,21.00,2,85,85,24,0,0,24,32,35,813,5,12.00,12,85,13
32,16,13.00,19.00,3,85,85,24,0,0,24,32,35,1141,3,9.00,9,85,16
32,27,7.00,10.00,5,85,85,24,0,0,24,32,35,1039,3,22.00,22,85,27
32,29,12.00,18.00,2,85,85,24,0,0,24,32,35,66,2,16.00,16,85,29
32,3,5.00,7.00,2,86,86,30,0,0,30,32,35,934,1,15.00,15,86,3
32,4,7.00,10.00,2,86,86,30,0,0,30,32,35,7,1,9.00,9,86,4
32,18,14.00,21.00,1,86,86,30,0,0,30,32,35,460,2,10.00,10,86,18
32,23,5.00,7.00,3,86,86,30,0,0,30,32,35,1124,1,13.00,13,86,23
35,5,10.00,15.00,2,87,87,22,0,0,22,35,33,792,5,16.00,16,87,5
35,18,14.00,21.00,1,87,87,22,0,0,22,35,33,354,5,10.00,10,87,18
35,24,13.00,19.00,5,87,87,22,0,0,22,35,33,586,2,12.00,12,87,24
36,8,12.00,18.00,2,88,88,48,0,0,48,36,34,123,5,19.00,19,88,8
36,22,6.00,9.00,3,88,88,48,0,0,48,36,34,784,4,18.00,18,88,22
36,29,12.00,18.00,2,88,88,48,0,0,48,36,34,85,2,16.00,16,88,29
35,20,6.00,9.00,2,89,89,49,0,0,49,35,35,394,2,10.00,10,89,20
35,20,6.00,9.00,2,89,89,49,0,0,49,35,35,492,4,10.00,10,89,20
35,22,6.00,9.00,3,89,89,49,0,0,49,35,35,1185,5,18.00,18,89,22
35,27,7.00,10.00,5,89,89,49,0,0,49,35,35,144,5,22.00,22,89,27
35,2,5.00,7.00,3,90,90,31,0,0,31,35,34,36,3,15.00,15,90,2
35,7,9.00,13.00,1,90,90,31,0,0,31,35,34,241,3,9.00,9,90,7
35,8,12.00,18.00,2,90,90,31,0,0,31,35,34,401,5,19.00,19,90,8
35,8,12.00,18.00,2,90,90,31,0,0,31,35,34,956,5,19.00,19,90,8
35,12,6.00,9.00,1,90,90,31,0,0,31,35,34,1067,2,15.00,15,90,12
35,15,15.00,22.00,4,90,90,31,0,0,31,35,34,947,2,15.00,15,90,15
35,16,13.00,19.00,3,90,90,31,0,0,31,35,34,800,5,9.00,9,90,16
35,20,6.00,9.00,2,90,90,31,0,0,31,35,34,509,5,10.00,10,90,20
35,27,7.00,10.00,5,90,90,31,0,0,31,35,34,229,3,22.00,22,90,27
35,29,12.00,18.00,2,90,90,31,0,0,31,35,34,269,2,16.00,16,90,29
35,30,13.00,19.00,5,90,90,31,0,0,31,35,34,50,5,15.00,15,90,30
36,15,15.00,22.00,4,91,91,12,0,0,12,36,32,905,5,15.00,15,91,15
36,21,11.00,16.00,3,91,91,12,0,0,12,36,32,839,4,9.00,9,91,21
36,24,13.00,19.00,5,91,91,12,0,0,12,36,32,1084,2,12.00,12,91,24
36,25,11.00,16.00,5,91,91,12,0,0,12,36,32,415,3,22.00,22,91,25
36,30,13.00,19.00,5,91,91,12,0,0,12,36,32,985,1,15.00,15,91,30
34,2,5.00,7.00,3,92,92,13,0,0,13,34,31,412,4,15.00,15,92,2
34,3,5.00,7.00,2,92,92,13,0,0,13,34,31,1143,5,15.00,15,92,3
34,6,11.00,16.00,4,92,92,13,0,0,13,34,31,525,1,10.00,10,92,6
34,6,11.00,16.00,4,92,92,13,0,0,13,34,31,1160,4,10.00,10,92,6
34,7,9.00,13.00,1,92,92,13,0,0,13,34,31,967,3,9.00,9,92,7
34,9,12.00,18.00,1,92,92,13,0,0,13,34,31,598,3,13.00,13,92,9
34,13,14.00,21.00,2,92,92,13,0,0,13,34,31,278,1,12.00,12,92,13
34,21,11.00,16.00,3,92,92,13,0,0,13,34,31,65,1,9.00,9,92,21
34,21,11.00,16.00,3,92,92,13,0,0,13,34,31,315,4,9.00,9,92,21
34,27,7.00,10.00,5,92,92,13,0,0,13,34,31,192,1,22.00,22,92,27
35,4,7.00,10.00,2,93,93,49,0,0,49,35,31,172,3,9.00,9,93,4
35,10,11.00,16.00,5,93,93,49,0,0,49,35,31,697,3,18.00,18,93,10
35,20,6.00,9.00,2,93,93,49,0,0,49,35,31,31,1,10.00,10,93,20
35,27,7.00,10.00,5,93,93,49,0,0,49,35,31,537,3,22.00,22,93,27
35,30,13.00,19.00,5,93,93,49,0,0,49,35,31,202,3,15.00,15,93,30
33,8,12.00,18.00,2,94,94,28,0,0,28,33,31,293,4,19.00,19,94,8
33,18,14.00,21.00,1,94,94,28,0,0,28,33,31,631,1,10.00,10,94,18
33,22,6.00,9.00,3,94,94,28,0,0,28,33,31,925,4,18.00,18,94,22
33,23,5.00,7.00,3,94,94,28,0,0,28,33,31,264,5,13.00,13,94,23
33,28,10.00,15.00,5,94,94,28,0,0,28,33,31,735,5,21.00,21,94,28
35,6,11.00,16.00,4,95,95,19,0,0,19,35,33,926,4,10.00,10,95,6
35,24,13.00,19.00,5,95,95,19,0,0,19,35,33,316,1,12.00,12,95,24
35,27,7.00,10.00,5,95,95,19,0,0,19,35,33,655,3,22.00,22,95,27
35,30,13.00,19.00,5,95,95,19,0,0,19,35,33,1075,5,15.00,15,95,30
34,4,7.00,10.00,2,96,96,33,0,0,33,34,33,520,1,9.00,9,96,4
34,6,11.00,16.00,4,96,96,33,0,0,33,34,33,226,2,10.00,10,96,6
34,10,11.00,16.00,5,96,96,33,0,0,33,34,33,1193,1,18.00,18,96,10
34,11,5.00,7.00,3,96,96,33,0,0,33,34,33,358,5,22.00,22,96,11
34,11,5.00,7.00,3,96,96,33,0,0,33,34,33,924,2,22.00,22,96,11
34,12,6.00,9.00,1,96,96,33,0,0,33,34,33,164,2,15.00,15,96,12
34,13,14.00,21.00,2,96,96,33,0,0,33,34,33,917,2,12.00,12,96,13
34,15,15.00,22.00,4,96,96,33,0,0,33,34,33,446,5,15.00,15,96,15
34,21,11.00,16.00,3,96,96,33,0,0,33,34,33,912,4,9.00,9,96,21
35,3,5.00,7.00,2,97,97,47,0,0,47,35,34,993,4,15.00,15,97,3
35,18,14.00,21.00,1,97,97,47,0,0,47,35,34,47,4,10.00,10,97,18
35,24,13.00,19.00,5,97,97,47,0,0,47,35,34,242,5,12.00,12,97,24
35,27,7.00,10.00,5,97,97,47,0,0,47,35,34,51,4,22.00,22,97,27
31,11,5.00,7.00,3,98,98,43,0,0,43,31,33,991,3,22.00,22,98,11
31,15,15.00,22.00,4,98,98,43,0,0,43,31,33,1103,3,15.00,15,98,15
31,26,15.00,22.00,5,98,98,43,0,0,43,31,33,232,1,7.00,7,98,26
35,12,6.00,9.00,1,99,99,48,0,0,48,35,36,303,2,15.00,15,99,12
35,14,15.00,22.00,1,99,99,48,0,0,48,35,36,1030,3,13.00,13,99,14
35,16,13.00,19.00,3,99,99,48,0,0,48,35,36,737,4,9.00,9,99,16
35,16,13.00,19.00,3,99,99,48,0,0,48,35,36,793,4,9.00,9,99,16
35,22,6.00,9.00,3,99,99,48,0,0,48,35,36,322,2,18.00,18,99,22
35,11,5.00,7.00,3,100,100,23,0,0,23,35,36,235,2,22.00,22,100,11
35,15,15.00,22.00,4,100,100,23,0,0,23,35,36,817,3,15.00,15,100,15
35,19,14.00,21.00,3,100,100,23,0,0,23,35,36,464,3,7.00,7,100,19
35,19,14.00,21.00,3,100,100,23,0,0,23,35,36,768,4,7.00,7,100,19
35,25,11.00,16.00,5,100,100,23,0,0,23,35,36,476,1,22.00,22,100,25
35,26,15.00,22.00,5,100,100,23,0,0,23,35,36,902,3,7.00,7,100,26
35,29,12.00,18.00,2,100,100,23,0,0,23,35,36,581,3,16.00,16,100,29
35,29,12.00,18.00,2,100,100,23,0,0,23,35,36,595,4,16.00,16,100,29
31,4,7.00,10.00,2,101,101,44,0,0,44,31,33,808,3,9.00,9,101,4
31,8,12.00,18.00,2,101,101,44,0,0,44,31,33,611,5,19.00,19,101,8
31,8,12.00,18.00,2,101,101,44,0,0,44,31,33,819,1,19.00,19,101,8
31,8,12.00,18.00,2,101,101,44,0,0,44,31,33,1180,1,19.00,19,101,8
31,14,15.00,22.00,1,101,101,44,0,0,44,31,33,252,1,13.00,13,101,14
34,3,5.00,7.00,2,102,102,44,0,0,44,34,35,55,3,15.00,15,102,3
34,14,15.00,22.00,1,102,102,44,0,0,44,34,35,532,5,13.00,13,102,14
34,24,13.00,19.00,5,102,102,44,0,0,44,34,35,940,1,12.00,12,102,24
35,2,5.00,7.00,3,103,103,30,0,0,30,35,35,1078,5,15.00,15,103,2
35,17,14.00,21.00,3,103,103,30,0,0,30,35,35,74,2,21.00,21,103,17
35,20,6.00,9.00,2,103,103,30,0,0,30,35,35,1025,2,10.00,10,103,20
35,24,13.00,19.00,5,103,103,30,0,0,30,35,35,572,4,12.00,12,103,24
35,26,15.00,22.00,5,103,103,30,0,0,30,35,35,824,3,7.00,7,103,26
35,27,7.00,10.00,5,103,103,30,0,0,30,35,35,321,4,22.00,22,103,27
33,9,12.00,18.00,1,104,104,12,0,0,12,33,36,1195,2,13.00,13,104,9
33,13,14.00,21.00,2,104,104,12,0,0,12,33,36,60,4,12.00,12,104,13
33,16,13.00,19.00,3,104,104,12,0,0,12,33,36,888,1,9.00,9,104,16
33,26,15.00,22.00,5,104,104,12,0,0,12,33,36,896,1,7.00,7,104,26
33,29,12.00,18.00,2,104,104,12,0,0,12,33,36,983,5,16.00,16,104,29
34,7,9.00,13.00,1,105,105,48,0,0,48,34,35,558,2,9.00,9,105,7
34,15,15.00,22.00,4,105,105,48,0,0,48,34,35,732,5,15.00,15,105,15
34,22,6.00,9.00,3,105,105,48,0,0,48,34,35,1135,1,18.00,18,105,22
34,23,5.00,7.00,3,105,105,48,0,0,48,34,35,173,2,13.00,13,105,23
34,30,13.00,19.00,5,105,105,48,0,0,48,34,35,136,1,15.00,15,105,30
34,1,1.00,1.20,1,106,106,19,0,0,19,34,33,1082,5,1.20,1,106,1
34,5,10.00,15.00,2,106,106,19,0,0,19,34,33,763,2,16.00,16,106,5
34,19,14.00,21.00,3,106,106,19,0,0,19,34,33,207,3,7.00,7,106,19
34,23,5.00,7.00,3,106,106,19,0,0,19,34,33,842,1,13.00,13,106,23
34,24,13.00,19.00,5,106,106,19,0,0,19,34,33,683,5,12.00,12,106,24
34,29,12.00,18.00,2,106,106,19,0,0,19,34,33,257,3,16.00,16,106,29
33,1,1.00,1.20,1,107,107,32,0,0,32,33,32,828,1,1.20,1,107,1
33,2,5.00,7.00,3,107,107,32,0,0,32,33,32,119,2,15.00,15,107,2
33,2,5.00,7.00,3,107,107,32,0,0,32,33,32,326,2,15.00,15,107,2
33,8,12.00,18.00,2,107,107,32,0,0,32,33,32,1001,4,19.00,19,107,8
33,13,14.00,21.00,2,107,107,32,0,0,32,33,32,4,3,12.00,12,107,13
33,18,14.00,21.00,1,107,107,32,0,0,32,33,32,370,3,10.00,10,107,18
33,21,11.00,16.00,3,107,107,32,0,0,32,33,32,506,5,9.00,9,107,21
33,23,5.00,7.00,3,107,107,32,0,0,32,33,32,538,5,13.00,13,107,23
34,26,15.00,22.00,5,108,108,50,0,0,50,34,36,1068,5,7.00,7,108,26
33,2,5.00,7.00,3,109,109,38,0,0,38,33,31,324,5,15.00,15,109,2
33,3,5.00,7.00,2,109,109,38,0,0,38,33,31,359,1,15.00,15,109,3
33,7,9.00,13.00,1,109,109,38,0,0,38,33,31,351,2,9.00,9,109,7
33,8,12.00,18.00,2,109,109,38,0,0,38,33,31,461,2,19.00,19,109,8
33,9,12.00,18.00,1,109,109,38,0,0,38,33,31,279,1,13.00,13,109,9
33,9,12.00,18.00,1,109,109,38,0,0,38,33,31,1093,4,13.00,13,109,9
33,11,5.00,7.00,3,109,109,38,0,0,38,33,31,365,3,22.00,22,109,11
33,15,15.00,22.00,4,109,109,38,0,0,38,33,31,174,4,15.00,15,109,15
33,15,15.00,22.00,4,109,109,38,0,0,38,33,31,1061,4,15.00,15,109,15
33,16,13.00,19.00,3,109,109,38,0,0,38,33,31,654,2,9.00,9,109,16
33,18,14.00,21.00,1,109,109,38,0,0,38,33,31,907,2,10.00,10,109,18
33,20,6.00,9.00,2,109,109,38,0,0,38,33,31,777,4,10.00,10,109,20
31,2,5.00,7.00,3,110,110,20,0,0,20,31,33,261,4,15.00,15,110,2
31,17,14.00,21.00,3,110,110,20,0,0,20,31,33,574,5,21.00,21,110,17
31,17,14.00,21.00,3,110,110,20,0,0,20,31,33,706,3,21.00,21,110,17
31,23,5.00,7.00,3,110,110,20,0,0,20,31,33,859,3,13.00,13,110,23
35,23,5.00,7.00,3,111,111,9,0,0,9,35,34,208,1,13.00,13,111,23
35,29,12.00,18.00,2,111,111,9,0,0,9,35,34,331,3,16.00,16,111,29
35,5,10.00,15.00,2,112,112,28,0,0,28,35,35,657,5,16.00,16,112,5
35,8,12.00,18.00,2,112,112,28,0,0,28,35,35,835,2,19.00,19,112,8
35,20,6.00,9.00,2,112,112,28,0,0,28,35,35,550,5,10.00,10,112,20
35,29,12.00,18.00,2,112,112,28,0,0,28,35,35,671,1,16.00,16,112,29
35,29,12.00,18.00,2,112,112,28,0,0,28,35,35,789,4,16.00,16,112,29
35,30,13.00,19.00,5,112,112,28,0,0,28,35,35,1005,1,15.00,15,112,30
31,1,1.00,1.20,1,113,113,30,0,0,30,31,34,751,3,1.20,1,113,1
31,7,9.00,13.00,1,113,113,30,0,0,30,31,34,568,4,9.00,9,113,7
31,11,5.00,7.00,3,113,113,30,0,0,30,31,34,146,5,22.00,22,113,11
31,19,14.00,21.00,3,113,113,30,0,0,30,31,34,1095,4,7.00,7,113,19
31,21,11.00,16.00,3,113,113,30,0,0,30,31,34,474,2,9.00,9,113,21
31,22,6.00,9.00,3,113,113,30,0,0,30,31,34,122,5,18.00,18,113,22
31,28,10.00,15.00,5,113,113,30,0,0,30,31,34,402,4,21.00,21,113,28
32,6,11.00,16.00,4,114,114,27,0,0,27,32,35,988,2,10.00,10,114,6
32,7,9.00,13.00,1,114,114,27,0,0,27,32,35,368,2,9.00,9,114,7
32,12,6.00,9.00,1,114,114,27,0,0,27,32,35,1040,3,15.00,15,114,12
32,13,14.00,21.00,2,114,114,27,0,0,27,32,35,104,4,12.00,12,114,13
32,17,14.00,21.00,3,114,114,27,0,0,27,32,35,772,2,21.00,21,114,17
32,29,12.00,18.00,2,114,114,27,0,0,27,32,35,95,5,16.00,16,114,29
32,30,13.00,19.00,5,114,114,27,0,0,27,32,35,564,3,15.00,15,114,30
35,9,12.00,18.00,1,115,115,46,0,0,46,35,34,881,1,13.00,13,115,9
35,13,14.00,21.00,2,115,115,46,0,0,46,35,34,809,3,12.00,12,115,13
35,17,14.00,21.00,3,115,115,46,0,0,46,35,34,68,2,21.00,21,115,17
35,17,14.00,21.00,3,115,115,46,0,0,46,35,34,1092,2,21.00,21,115,17
35,19,14.00,21.00,3,115,115,46,0,0,46,35,34,1189,4,7.00,7,115,19
35,28,10.00,15.00,5,115,115,46,0,0,46,35,34,383,5,21.00,21,115,28
35,29,12.00,18.00,2,115,115,46,0,0,46,35,34,194,1,16.00,16,115,29
31,3,5.00,7.00,2,116,116,20,0,0,20,31,31,151,3,15.00,15,116,3
31,5,10.00,15.00,2,116,116,20,0,0,20,31,31,524,3,16.00,16,116,5
31,9,12.00,18.00,1,116,116,20,0,0,20,31,31,1167,1,13.00,13,116,9
31,12,6.00,9.00,1,116,116,20,0,0,20,31,31,630,5,15.00,15,116,12
31,14,15.00,22.00,1,116,116,20,0,0,20,31,31,606,3,13.00,13,116,14
31,15,15.00,22.00,4,116,116,20,0,0,20,31,31,1179,4,15.00,15,116,15
31,16,13.00,19.00,3,116,116,20,0,0,20,31,31,107,3,9.00,9,116,16
31,16,13.00,19.00,3,116,116,20,0,0,20,31,31,592,3,9.00,9,116,16
31,24,13.00,19.00,5,116,116,20,0,0,20,31,31,334,2,12.00,12,116,24
33,2,5.00,7.00,3,117,117,43,0,0,43,33,33,1006,5,15.00,15,117,2
33,19,14.00,21.00,3,117,117,43,0,0,43,33,33,497,2,7.00,7,117,19
33,21,11.00,16.00,3,117,117,43,0,0,43,33,33,1102,5,9.00,9,117,21
33,23,5.00,7.00,3,117,117,43,0,0,43,33,33,231,1,13.00,13,117,23
33,24,13.00,19.00,5,117,117,43,0,0,43,33,33,230,3,12.00,12,117,24
34,4,7.00,10.00,2,118,118,7,0,0,7,34,33,579,4,9.00,9,118,4
34,11,5.00,7.00,3,118,118,7,0,0,7,34,33,989,5,22.00,22,118,11
34,20,6.00,9.00,2,118,118,7,0,0,7,34,33,327,4,10.00,10,118,20
34,20,6.00,9.00,2,118,118,7,0,0,7,34,33,1086,4,10.00,10,118,20
34,21,11.00,16.00,3,118,118,7,0,0,7,34,33,496,1,9.00,9,118,21
34,27,7.00,10.00,5,118,118,7,0,0,7,34,33,953,4,22.00,22,118,27
34,29,12.00,18.00,2,118,118,7,0,0,7,34,33,642,1,16.00,16,118,29
34,8,12.00,18.00,2,119,119,27,0,0,27,34,36,486,2,19.00,19,119,8
34,22,6.00,9.00,3,119,119,27,0,0,27,34,36,254,2,18.00,18,119,22
34,23,5.00,7.00,3,119,119,27,0,0,27,34,36,629,5,13.00,13,119,23
34,25,11.00,16.00,5,119,119,27,0,0,27,34,36,1107,1,22.00,22,119,25
34,27,7.00,10.00,5,119,119,27,0,0,27,34,36,1151,2,22.00,22,119,27
33,10,11.00,16.00,5,120,120,19,0,0,19,33,31,601,4,18.00,18,120,10
33,12,6.00,9.00,1,120,120,19,0,0,19,33,31,287,4,15.00,15,120,12
33,12,6.00,9.00,1,120,120,19,0,0,19,33,31,914,1,15.00,15,120,12
33,19,14.00,21.00,3,120,120,19,0,0,19,33,31,135,2,7.00,7,120,19
33,24,13.00,19.00,5,120,120,19,0,0,19,33,31,764,5,12.00,12,120,24
33,27,7.00,10.00,5,120,120,19,0,0,19,33,31,857,2,22.00,22,120,27
33,27,7.00,10.00,5,120,120,19,0,0,19,33,31,913,3,22.00,22,120,27
31,1,1.00,1.20,1,121,121,11,0,0,11,31,33,962,5,1.20,1,121,1
31,2,5.00,7.00,3,121,121,11,0,0,11,31,33,225,2,15.00,15,121,2
31,8,12.00,18.00,2,121,121,11,0,0,11,31,33,217,3,19.00,19,121,8
31,14,15.00,22.00,1,121,121,11,0,0,11,31,33,291,2,13.00,13,121,14
31,14,15.00,22.00,1,121,121,11,0,0,11,31,33,998,4,13.00,13,121,14
31,24,13.00,19.00,5,121,121,11,0,0,11,31,33,623,4,12.00,12,121,24
31,28,10.00,15.00,5,121,121,11,0,0,11,31,33,943,3,21.00,21,121,28
35,3,5.00,7.00,2,122,122,30,0,0,30,35,36,397,5,15.00,15,122,3
35,6,11.00,16.00,4,122,122,30,0,0,30,35,36,393,5,10.00,10,122,6
35,12,6.00,9.00,1,122,122,30,0,0,30,35,36,622,5,15.00,15,122,12
35,18,14.00,21.00,1,122,122,30,0,0,30,35,36,127,3,10.00,10,122,18
35,18,14.00,21.00,1,122,122,30,0,0,30,35,36,274,1,10.00,10,122,18
35,20,6.00,9.00,2,122,122,30,0,0,30,35,36,980,2,10.00,10,122,20
35,26,15.00,22.00,5,122,122,30,0,0,30,35,36,154,5,7.00,7,122,26
35,29,12.00,18.00,2,122,122,30,0,0,30,35,36,295,2,16.00,16,122,29
34,4,7.00,10.00,2,123,123,13,0,0,13,34,36,454,5,9.00,9,123,4
34,4,7.00,10.00,2,123,123,13,0,0,13,34,36,1190,2,9.00,9,123,4
34,5,10.00,15.00,2,123,123,13,0,0,13,34,36,352,4,16.00,16,123,5
34,12,6.00,9.00,1,123,123,13,0,0,13,34,36,179,1,15.00,15,123,12
34,20,6.00,9.00,2,123,123,13,0,0,13,34,36,997,1,10.00,10,123,20
34,26,15.00,22.00,5,123,123,13,0,0,13,34,36,112,4,7.00,7,123,26
33,6,11.00,16.00,4,124,124,42,0,0,42,33,35,153,4,10.00,10,124,6
33,6,11.00,16.00,4,124,124,42,0,0,42,33,35,395,4,10.00,10,124,6
33,12,6.00,9.00,1,124,124,42,0,0,42,33,35,288,5,15.00,15,124,12
33,18,14.00,21.00,1,124,124,42,0,0,42,33,35,353,5,10.00,10,124,18
33,19,14.00,21.00,3,124,124,42,0,0,42,33,35,562,4,7.00,7,124,19
33,29,12.00,18.00,2,124,124,42,0,0,42,33,35,171,4,16.00,16,124,29
33,4,7.00,10.00,2,125,125,20,0,0,20,33,36,816,1,9.00,9,125,4
33,8,12.00,18.00,2,125,125,20,0,0,20,33,36,960,1,19.00,19,125,8
33,13,14.00,21.00,2,125,125,20,0,0,20,33,36,720,3,12.00,12,125,13
33,30,13.00,19.00,5,125,125,20,0,0,20,33,36,373,3,15.00,15,125,30
33,19,14.00,21.00,3,126,126,20,0,0,20,33,36,82,1,7.00,7,126,19
32,1,1.00,1.20,1,127,127,37,0,0,37,32,34,749,3,1.20,1,127,1
32,7,9.00,13.00,1,127,127,37,0,0,37,32,34,1099,1,9.00,9,127,7
32,13,14.00,21.00,2,127,127,37,0,0,37,32,34,831,3,12.00,12,127,13
32,16,13.00,19.00,3,127,127,37,0,0,37,32,34,889,5,9.00,9,127,16
32,20,6.00,9.00,2,127,127,37,0,0,37,32,34,1106,5,10.00,10,127,20
32,21,11.00,16.00,3,127,127,37,0,0,37,32,34,115,2,9.00,9,127,21
32,6,11.00,16.00,4,128,128,49,0,0,49,32,35,942,4,10.00,10,128,6
32,8,12.00,18.00,2,128,128,49,0,0,49,32,35,715,3,19.00,19,128,8
32,8,12.00,18.00,2,128,128,49,0,0,49,32,35,951,4,19.00,19,128,8
32,14,15.00,22.00,1,128,128,49,0,0,49,32,35,1121,2,13.00,13,128,14
32,15,15.00,22.00,4,128,128,49,0,0,49,32,35,137,3,15.00,15,128,15
32,16,13.00,19.00,3,128,128,49,0,0,49,32,35,17,2,9.00,9,128,16
32,18,14.00,21.00,1,128,128,49,0,0,49,32,35,375,4,10.00,10,128,18
32,25,11.00,16.00,5,128,128,49,0,0,49,32,35,87,2,22.00,22,128,25
32,30,13.00,19.00,5,128,128,49,0,0,49,32,35,448,2,15.00,15,128,30
34,1,1.00,1.20,1,129,129,28,0,0,28,34,32,963,2,1.20,1,129,1
34,4,7.00,10.00,2,129,129,28,0,0,28,34,32,577,2,9.00,9,129,4
34,11,5.00,7.00,3,129,129,28,0,0,28,34,32,713,4,22.00,22,129,11
34,17,14.00,21.00,3,129,129,28,0,0,28,34,32,588,1,21.00,21,129,17
34,20,6.00,9.00,2,129,129,28,0,0,28,34,32,1178,4,10.00,10,129,20
34,22,6.00,9.00,3,129,129,28,0,0,28,34,32,1042,3,18.00,18,129,22
34,27,7.00,10.00,5,129,129,28,0,0,28,34,32,996,5,22.00,22,129,27
32,7,9.00,13.00,1,130,130,36,0,0,36,32,34,333,2,9.00,9,130,7
32,12,6.00,9.00,1,130,130,36,0,0,36,32,34,479,1,15.00,15,130,12
32,20,6.00,9.00,2,130,130,36,0,0,36,32,34,416,4,10.00,10,130,20
32,21,11.00,16.00,3,130,130,36,0,0,36,32,34,487,4,9.00,9,130,21
32,21,11.00,16.00,3,130,130,36,0,0,36,32,34,1010,4,9.00,9,130,21
32,23,5.00,7.00,3,130,130,36,0,0,36,32,34,845,5,13.00,13,130,23
32,28,10.00,15.00,5,130,130,36,0,0,36,32,34,347,3,21.00,21,130,28
33,10,11.00,16.00,5,131,131,19,0,0,19,33,34,659,4,18.00,18,131,10
33,15,15.00,22.00,4,131,131,19,0,0,19,33,34,802,1,15.00,15,131,15
33,17,14.00,21.00,3,131,131,19,0,0,19,33,34,495,2,21.00,21,131,17
33,17,14.00,21.00,3,131,131,19,0,0,19,33,34,1191,5,21.00,21,131,17
33,21,11.00,16.00,3,131,131,19,0,0,19,33,34,779,5,9.00,9,131,21
33,21,11.00,16.00,3,131,131,19,0,0,19,33,34,823,2,9.00,9,131,21
33,29,12.00,18.00,2,131,131,19,0,0,19,33,34,638,4,16.00,16,131,29
35,20,6.00,9.00,2,132,132,12,0,0,12,35,34,80,2,10.00,10,132,20
35,23,5.00,7.00,3,132,132,12,0,0,12,35,34,32,3,13.00,13,132,23
35,25,11.00,16.00,5,132,132,12,0,0,12,35,34,797,1,22.00,22,132,25
35,28,10.00,15.00,5,132,132,12,0,0,12,35,34,590,5,21.00,21,132,28
35,7,9.00,13.00,1,133,133,33,0,0,33,35,31,499,1,9.00,9,133,7
35,15,15.00,22.00,4,133,133,33,0,0,33,35,31,344,1,15.00,15,133,15
35,26,15.00,22.00,5,133,133,33,0,0,33,35,31,210,3,7.00,7,133,26
31,18,14.00,21.00,1,134,134,5,0,0,5,31,34,213,4,10.00,10,134,18
31,22,6.00,9.00,3,134,134,5,0,0,5,31,34,876,5,18.00,18,134,22
31,27,7.00,10.00,5,134,134,5,0,0,5,31,34,1052,3,22.00,22,134,27
31,27,7.00,10.00,5,134,134,5,0,0,5,31,34,1120,4,22.00,22,134,27
32,1,1.00,1.20,1,135,135,47,0,0,47,32,36,282,1,1.20,1,135,1
32,4,7.00,10.00,2,135,135,47,0,0,47,32,36,403,3,9.00,9,135,4
32,4,7.00,10.00,2,135,135,47,0,0,47,32,36,594,2,9.00,9,135,4
32,10,11.00,16.00,5,135,135,47,0,0,47,32,36,501,4,18.00,18,135,10
32,10,11.00,16.00,5,135,135,47,0,0,47,32,36,1108,5,18.00,18,135,10
32,13,14.00,21.00,2,135,135,47,0,0,47,32,36,515,2,12.00,12,135,13
32,24,13.00,19.00,5,135,135,47,0,0,47,32,36,775,2,12.00,12,135,24
32,26,15.00,22.00,5,135,135,47,0,0,47,32,36,75,2,7.00,7,135,26
32,27,7.00,10.00,5,135,135,47,0,0,47,32,36,484,5,22.00,22,135,27
32,28,10.00,15.00,5,135,135,47,0,0,47,32,36,1175,5,21.00,21,135,28
32,1,1.00,1.20,1,136,136,8,0,0,8,32,34,1018,2,1.20,1,136,1
32,2,5.00,7.00,3,136,136,8,0,0,8,32,34,972,4,15.00,15,136,2
32,3,5.00,7.00,2,136,136,8,0,0,8,32,34,546,4,15.00,15,136,3
32,9,12.00,18.00,1,136,136,8,0,0,8,32,34,864,1,13.00,13,136,9
32,12,6.00,9.00,1,136,136,8,0,0,8,32,34,323,4,15.00,15,136,12
32,17,14.00,21.00,3,136,136,8,0,0,8,32,34,471,3,21.00,21,136,17
32,23,5.00,7.00,3,136,136,8,0,0,8,32,34,90,2,13.00,13,136,23
32,25,11.00,16.00,5,136,136,8,0,0,8,32,34,607,1,22.00,22,136,25
32,30,13.00,19.00,5,136,136,8,0,0,8,32,34,844,2,15.00,15,136,30
35,6,11.00,16.00,4,137,137,19,0,0,19,35,36,272,2,10.00,10,137,6
35,11,5.00,7.00,3,137,137,19,0,0,19,35,36,1038,1,22.00,22,137,11
35,14,15.00,22.00,1,137,137,19,0,0,19,35,36,131,3,13.00,13,137,14
35,18,14.00,21.00,1,137,137,19,0,0,19,35,36,371,1,10.00,10,137,18
35,27,7.00,10.00,5,137,137,19,0,0,19,35,36,583,2,22.00,22,137,27
35,28,10.00,15.00,5,137,137,19,0,0,19,35,36,904,3,21.00,21,137,28
35,29,12.00,18.00,2,137,137,19,0,0,19,35,36,686,5,16.00,16,137,29
32,3,5.00,7.00,2,138,138,42,0,0,42,32,31,469,3,15.00,15,138,3
32,14,15.00,22.00,1,138,138,42,0,0,42,32,31,822,4,13.00,13,138,14
32,15,15.00,22.00,4,138,138,42,0,0,42,32,31,669,4,15.00,15,138,15
32,23,5.00,7.00,3,138,138,42,0,0,42,32,31,545,3,13.00,13,138,23
31,13,14.00,21.00,2,139,139,13,0,0,13,31,35,465,5,12.00,12,139,13
31,17,14.00,21.00,3,139,139,13,0,0,13,31,35,434,4,21.00,21,139,17
34,5,10.00,15.00,2,140,140,35,0,0,35,34,35,782,3,16.00,16,140,5
34,6,11.00,16.00,4,140,140,35,0,0,35,34,35,271,5,10.00,10,140,6
34,6,11.00,16.00,4,140,140,35,0,0,35,34,35,1029,3,10.00,10,140,6
34,17,14.00,21.00,3,140,140,35,0,0,35,34,35,814,1,21.00,21,140,17
34,22,6.00,9.00,3,140,140,35,0,0,35,34,35,887,5,18.00,18,140,22
34,24,13.00,19.00,5,140,140,35,0,0,35,34,35,758,5,12.00,12,140,24
34,25,11.00,16.00,5,140,140,35,0,0,35,34,35,1009,3,22.00,22,140,25
34,30,13.00,19.00,5,140,140,35,0,0,35,34,35,419,3,15.00,15,140,30
33,6,11.00,16.00,4,141,141,33,0,0,33,33,34,1198,5,10.00,10,141,6
33,11,5.00,7.00,3,141,141,33,0,0,33,33,34,339,2,22.00,22,141,11
33,13,14.00,21.00,2,141,141,33,0,0,33,33,34,693,3,12.00,12,141,13
33,25,11.00,16.00,5,141,141,33,0,0,33,33,34,71,5,22.00,22,141,25
33,30,13.00,19.00,5,141,141,33,0,0,33,33,34,1002,1,15.00,15,141,30
34,3,5.00,7.00,2,142,142,38,0,0,38,34,36,186,1,15.00,15,142,3
34,9,12.00,18.00,1,142,142,38,0,0,38,34,36,423,5,13.00,13,142,9
34,11,5.00,7.00,3,142,142,38,0,0,38,34,36,148,4,22.00,22,142,11
34,16,13.00,19.00,3,142,142,38,0,0,38,34,36,633,5,9.00,9,142,16
34,17,14.00,21.00,3,142,142,38,0,0,38,34,36,91,5,21.00,21,142,17
34,17,14.00,21.00,3,142,142,38,0,0,38,34,36,105,3,21.00,21,142,17
34,18,14.00,21.00,1,142,142,38,0,0,38,34,36,1188,1,10.00,10,142,18
34,21,11.00,16.00,3,142,142,38,0,0,38,34,36,165,4,9.00,9,142,21
34,23,5.00,7.00,3,142,142,38,0,0,38,34,36,585,3,13.00,13,142,23
34,26,15.00,22.00,5,142,142,38,0,0,38,34,36,1085,1,7.00,7,142,26
34,27,7.00,10.00,5,142,142,38,0,0,38,34,36,507,5,22.00,22,142,27
31,9,12.00,18.00,1,143,143,46,0,0,46,31,34,910,1,13.00,13,143,9
31,11,5.00,7.00,3,143,143,46,0,0,46,31,34,769,2,22.00,22,143,11
31,16,13.00,19.00,3,143,143,46,0,0,46,31,34,799,1,9.00,9,143,16
31,23,5.00,7.00,3,143,143,46,0,0,46,31,34,742,2,13.00,13,143,23
31,25,11.00,16.00,5,143,143,46,0,0,46,31,34,134,1,22.00,22,143,25
33,6,11.00,16.00,4,144,144,38,0,0,38,33,34,733,2,10.00,10,144,6
33,12,6.00,9.00,1,144,144,38,0,0,38,33,34,431,5,15.00,15,144,12
33,14,15.00,22.00,1,144,144,38,0,0,38,33,34,661,5,13.00,13,144,14
33,14,15.00,22.00,1,144,144,38,0,0,38,33,34,1027,3,13.00,13,144,14
33,15,15.00,22.00,4,144,144,38,0,0,38,33,34,170,5,15.00,15,144,15
33,15,15.00,22.00,4,144,144,38,0,0,38,33,34,908,1,15.00,15,144,15
33,18,14.00,21.00,1,144,144,38,0,0,38,33,34,244,4,10.00,10,144,18
33,23,5.00,7.00,3,144,144,38,0,0,38,33,34,1156,3,13.00,13,144,23
33,24,13.00,19.00,5,144,144,38,0,0,38,33,34,1080,5,12.00,12,144,24
33,28,10.00,15.00,5,144,144,38,0,0,38,33,34,161,3,21.00,21,144,28
32,1,1.00,1.20,1,145,145,20,0,0,20,32,36,886,3,1.20,1,145,1
32,6,11.00,16.00,4,145,145,20,0,0,20,32,36,890,3,10.00,10,145,6
32,12,6.00,9.00,1,145,145,20,0,0,20,32,36,1159,3,15.00,15,145,12
32,15,15.00,22.00,4,145,145,20,0,0,20,32,36,200,5,15.00,15,145,15
32,19,14.00,21.00,3,145,145,20,0,0,20,32,36,961,1,7.00,7,145,19
32,25,11.00,16.00,5,145,145,20,0,0,20,32,36,703,5,22.00,22,145,25
32,30,13.00,19.00,5,145,145,20,0,0,20,32,36,517,4,15.00,15,145,30
32,30,13.00,19.00,5,145,145,20,0,0,20,32,36,1125,3,15.00,15,145,30
35,1,1.00,1.20,1,146,146,10,0,0,10,35,34,22,1,1.20,1,146,1
35,12,6.00,9.00,1,146,146,10,0,0,10,35,34,28,4,15.00,15,146,12
35,14,15.00,22.00,1,146,146,10,0,0,10,35,34,533,1,13.00,13,146,14
35,15,15.00,22.00,4,146,146,10,0,0,10,35,34,433,4,15.00,15,146,15
35,21,11.00,16.00,3,146,146,10,0,0,10,35,34,955,1,9.00,9,146,21
35,24,13.00,19.00,5,146,146,10,0,0,10,35,34,238,3,12.00,12,146,24
35,25,11.00,16.00,5,146,146,10,0,0,10,35,34,646,2,22.00,22,146,25
31,7,9.00,13.00,1,147,147,38,0,0,38,31,31,667,3,9.00,9,147,7
31,8,12.00,18.00,2,147,147,38,0,0,38,31,31,40,5,19.00,19,147,8
31,13,14.00,21.00,2,147,147,38,0,0,38,31,31,1166,4,12.00,12,147,13
31,16,13.00,19.00,3,147,147,38,0,0,38,31,31,191,2,9.00,9,147,16
32,6,11.00,16.00,4,148,148,32,0,0,32,32,32,899,3,10.00,10,148,6
32,11,5.00,7.00,3,148,148,32,0,0,32,32,32,328,4,22.00,22,148,11
32,22,6.00,9.00,3,148,148,32,0,0,32,32,32,234,2,18.00,18,148,22
32,30,13.00,19.00,5,148,148,32,0,0,32,32,32,444,3,15.00,15,148,30
32,30,13.00,19.00,5,148,148,32,0,0,32,32,32,922,4,15.00,15,148,30
33,3,5.00,7.00,2,149,149,40,0,0,40,33,36,1192,3,15.00,15,149,3
33,11,5.00,7.00,3,149,149,40,0,0,40,33,36,108,1,22.00,22,149,11
33,12,6.00,9.00,1,149,149,40,0,0,40,33,36,355,1,15.00,15,149,12
33,20,6.00,9.00,2,149,149,40,0,0,40,33,36,405,2,10.00,10,149,20
33,21,11.00,16.00,3,149,149,40,0,0,40,33,36,1187,5,9.00,9,149,21
32,10,11.00,16.00,5,150,150,6,0,0,6,32,36,289,4,18.00,18,150,10
32,16,13.00,19.00,3,150,150,6,0,0,6,32,36,975,2,9.00,9,150,16
32,18,14.00,21.00,1,150,150,6,0,0,6,32,36,959,5,10.00,10,150,18
32,3,5.00,7.00,2,151,151,43,0,0,43,32,34,566,1,15.00,15,151,3
32,17,14.00,21.00,3,151,151,43,0,0,43,32,34,455,1,21.00,21,151,17
32,17,14.00,21.00,3,151,151,43,0,0,43,32,34,645,2,21.00,21,151,17
32,18,14.00,21.00,1,151,151,43,0,0,43,32,34,89,3,10.00,10,151,18
35,14,15.00,22.00,1,152,152,24,0,0,24,35,31,804,5,13.00,13,152,14
35,15,15.00,22.00,4,152,152,24,0,0,24,35,31,1145,2,15.00,15,152,15
35,16,13.00,19.00,3,152,152,24,0,0,24,35,31,35,1,9.00,9,152,16
35,19,14.00,21.00,3,152,152,24,0,0,24,35,31,379,2,7.00,7,152,19
35,22,6.00,9.00,3,152,152,24,0,0,24,35,31,77,4,18.00,18,152,22
35,23,5.00,7.00,3,152,152,24,0,0,24,35,31,950,4,13.00,13,152,23
35,26,15.00,22.00,5,152,152,24,0,0,24,35,31,432,1,7.00,7,152,26
35,28,10.00,15.00,5,152,152,24,0,0,24,35,31,1055,5,21.00,21,152,28
35,30,13.00,19.00,5,152,152,24,0,0,24,35,31,1007,3,15.00,15,152,30
33,1,1.00,1.20,1,153,153,12,0,0,12,33,34,696,5,1.20,1,153,1
33,4,7.00,10.00,2,153,153,12,0,0,12,33,34,856,2,9.00,9,153,4
33,11,5.00,7.00,3,153,153,12,0,0,12,33,34,603,2,22.00,22,153,11
33,11,5.00,7.00,3,153,153,12,0,0,12,33,34,761,4,22.00,22,153,11
33,15,15.00,22.00,4,153,153,12,0,0,12,33,34,296,2,15.00,15,153,15
33,18,14.00,21.00,1,153,153,12,0,0,12,33,34,1063,5,10.00,10,153,18
33,20,6.00,9.00,2,153,153,12,0,0,12,33,34,258,3,10.00,10,153,20
33,20,6.00,9.00,2,153,153,12,0,0,12,33,34,746,1,10.00,10,153,20
33,23,5.00,7.00,3,153,153,12,0,0,12,33,34,15,1,13.00,13,153,23
33,25,11.00,16.00,5,153,153,12,0,0,12,33,34,3,5,22.00,22,153,25
33,27,7.00,10.00,5,153,153,12,0,0,12,33,34,931,1,22.00,22,153,27
33,29,12.00,18.00,2,153,153,12,0,0,12,33,34,722,2,16.00,16,153,29
33,30,13.00,19.00,5,153,153,12,0,0,12,33,34,1197,3,15.00,15,153,30
32,2,5.00,7.00,3,154,154,28,0,0,28,32,33,891,5,15.00,15,154,2
32,5,10.00,15.00,2,154,154,28,0,0,28,32,33,513,3,16.00,16,154,5
32,6,11.00,16.00,4,154,154,28,0,0,28,32,33,827,4,10.00,10,154,6
32,8,12.00,18.00,2,154,154,28,0,0,28,32,33,420,3,19.00,19,154,8
32,29,12.00,18.00,2,154,154,28,0,0,28,32,33,1021,4,16.00,16,154,29
32,30,13.00,19.00,5,154,154,28,0,0,28,32,33,142,5,15.00,15,154,30
32,2,5.00,7.00,3,155,155,24,0,0,24,32,33,801,3,15.00,15,155,2
32,4,7.00,10.00,2,155,155,24,0,0,24,32,33,539,2,9.00,9,155,4
32,10,11.00,16.00,5,155,155,24,0,0,24,32,33,724,5,18.00,18,155,10
32,16,13.00,19.00,3,155,155,24,0,0,24,32,33,641,4,9.00,9,155,16
32,19,14.00,21.00,3,155,155,24,0,0,24,32,33,283,5,7.00,7,155,19
32,19,14.00,21.00,3,155,155,24,0,0,24,32,33,1094,3,7.00,7,155,19
32,22,6.00,9.00,3,155,155,24,0,0,24,32,33,748,5,18.00,18,155,22
36,6,11.00,16.00,4,156,156,23,0,0,23,36,33,954,2,10.00,10,156,6
36,24,13.00,19.00,5,156,156,23,0,0,23,36,33,239,4,12.00,12,156,24
36,6,11.00,16.00,4,157,157,7,0,0,7,36,36,166,5,10.00,10,157,6
36,7,9.00,13.00,1,157,157,7,0,0,7,36,36,1088,5,9.00,9,157,7
36,8,12.00,18.00,2,157,157,7,0,0,7,36,36,92,3,19.00,19,157,8
36,10,11.00,16.00,5,157,157,7,0,0,7,36,36,1155,2,18.00,18,157,10
36,16,13.00,19.00,3,157,157,7,0,0,7,36,36,1013,3,9.00,9,157,16
36,17,14.00,21.00,3,157,157,7,0,0,7,36,36,593,4,21.00,21,157,17
36,20,6.00,9.00,2,157,157,7,0,0,7,36,36,542,5,10.00,10,157,20
36,23,5.00,7.00,3,157,157,7,0,0,7,36,36,489,3,13.00,13,157,23
36,7,9.00,13.00,1,158,158,24,0,0,24,36,36,61,1,9.00,9,158,7
36,9,12.00,18.00,1,158,158,24,0,0,24,36,36,1026,3,13.00,13,158,9
36,15,15.00,22.00,4,158,158,24,0,0,24,36,36,260,4,15.00,15,158,15
36,17,14.00,21.00,3,158,158,24,0,0,24,36,36,555,2,21.00,21,158,17
36,21,11.00,16.00,3,158,158,24,0,0,24,36,36,187,1,9.00,9,158,21
36,24,13.00,19.00,5,158,158,24,0,0,24,36,36,1073,4,12.00,12,158,24
36,25,11.00,16.00,5,158,158,24,0,0,24,36,36,569,5,22.00,22,158,25
33,7,9.00,13.00,1,159,159,32,0,0,32,33,34,880,5,9.00,9,159,7
33,10,11.00,16.00,5,159,159,32,0,0,32,33,34,483,2,18.00,18,159,10
33,17,14.00,21.00,3,159,159,32,0,0,32,33,34,554,5,21.00,21,159,17
33,20,6.00,9.00,2,159,159,32,0,0,32,33,34,766,3,10.00,10,159,20
33,25,11.00,16.00,5,159,159,32,0,0,32,33,34,848,2,22.00,22,159,25
33,28,10.00,15.00,5,159,159,32,0,0,32,33,34,356,2,21.00,21,159,28
34,2,5.00,7.00,3,160,160,16,0,0,16,34,34,867,5,15.00,15,160,2
34,12,6.00,9.00,1,160,160,16,0,0,16,34,34,512,5,15.00,15,160,12
34,22,6.00,9.00,3,160,160,16,0,0,16,34,34,335,1,18.00,18,160,22
34,24,13.00,19.00,5,160,160,16,0,0,16,34,34,285,2,12.00,12,160,24
34,25,11.00,16.00,5,160,160,16,0,0,16,34,34,834,4,22.00,22,160,25
34,28,10.00,15.00,5,160,160,16,0,0,16,34,34,468,2,21.00,21,160,28
34,2,5.00,7.00,3,161,161,12,0,0,12,34,31,362,3,15.00,15,161,2
34,6,11.00,16.00,4,161,161,12,0,0,12,34,31,1181,3,10.00,10,161,6
34,12,6.00,9.00,1,161,161,12,0,0,12,34,31,736,1,15.00,15,161,12
34,14,15.00,22.00,1,161,161,12,0,0,12,34,31,534,5,13.00,13,161,14
34,20,6.00,9.00,2,161,161,12,0,0,12,34,31,221,2,10.00,10,161,20
34,20,6.00,9.00,2,161,161,12,0,0,12,34,31,1028,5,10.00,10,161,20
34,28,10.00,15.00,5,161,161,12,0,0,12,34,31,33,2,21.00,21,161,28
34,8,12.00,18.00,2,162,162,14,0,0,14,34,35,248,3,19.00,19,162,8
34,11,5.00,7.00,3,162,162,14,0,0,14,34,35,253,1,22.00,22,162,11
34,15,15.00,22.00,4,162,162,14,0,0,14,34,35,700,1,15.00,15,162,15
34,15,15.00,22.00,4,162,162,14,0,0,14,34,35,1060,3,15.00,15,162,15
34,21,11.00,16.00,3,162,162,14,0,0,14,34,35,541,3,9.00,9,162,21
34,23,5.00,7.00,3,162,162,14,0,0,14,34,35,548,2,13.00,13,162,23
34,26,15.00,22.00,5,162,162,14,0,0,14,34,35,986,2,7.00,7,162,26
34,30,13.00,19.00,5,162,162,14,0,0,14,34,35,211,2,15.00,15,162,30
34,30,13.00,19.00,5,162,162,14,0,0,14,34,35,224,5,15.00,15,162,30
32,3,5.00,7.00,2,163,163,24,0,0,24,32,33,462,2,15.00,15,163,3
32,8,12.00,18.00,2,163,163,24,0,0,24,32,33,778,4,19.00,19,163,8
32,12,6.00,9.00,1,163,163,24,0,0,24,32,33,660,3,15.00,15,163,12
32,14,15.00,22.00,1,163,163,24,0,0,24,32,33,1065,3,13.00,13,163,14
32,20,6.00,9.00,2,163,163,24,0,0,24,32,33,866,3,10.00,10,163,20
32,25,11.00,16.00,5,163,163,24,0,0,24,32,33,498,5,22.00,22,163,25
33,4,7.00,10.00,2,164,164,48,0,0,48,33,36,688,1,9.00,9,164,4
33,6,11.00,16.00,4,164,164,48,0,0,48,33,36,676,2,10.00,10,164,6
33,6,11.00,16.00,4,164,164,48,0,0,48,33,36,1076,2,10.00,10,164,6
33,7,9.00,13.00,1,164,164,48,0,0,48,33,36,528,4,9.00,9,164,7
33,13,14.00,21.00,2,164,164,48,0,0,48,33,36,343,4,12.00,12,164,13
33,15,15.00,22.00,4,164,164,48,0,0,48,33,36,973,3,15.00,15,164,15
33,15,15.00,22.00,4,164,164,48,0,0,48,33,36,977,5,15.00,15,164,15
33,18,14.00,21.00,1,164,164,48,0,0,48,33,36,199,2,10.00,10,164,18
33,28,10.00,15.00,5,164,164,48,0,0,48,33,36,86,3,21.00,21,164,28
33,3,5.00,7.00,2,165,165,23,0,0,23,33,32,794,5,15.00,15,165,3
33,4,7.00,10.00,2,165,165,23,0,0,23,33,32,332,4,9.00,9,165,4
33,9,12.00,18.00,1,165,165,23,0,0,23,33,32,425,1,13.00,13,165,9
33,15,15.00,22.00,4,165,165,23,0,0,23,33,32,553,1,15.00,15,165,15
33,16,13.00,19.00,3,165,165,23,0,0,23,33,32,329,4,9.00,9,165,16
33,19,14.00,21.00,3,165,165,23,0,0,23,33,32,190,3,7.00,7,165,19
33,25,11.00,16.00,5,165,165,23,0,0,23,33,32,701,3,22.00,22,165,25
33,26,15.00,22.00,5,165,165,23,0,0,23,33,32,25,5,7.00,7,165,26
33,14,15.00,22.00,1,166,166,27,0,0,27,33,33,57,2,13.00,13,166,14
33,24,13.00,19.00,5,166,166,27,0,0,27,33,33,168,5,12.00,12,166,24
33,27,7.00,10.00,5,166,166,27,0,0,27,33,33,552,2,22.00,22,166,27
35,5,10.00,15.00,2,167,167,24,0,0,24,35,34,78,2,16.00,16,167,5
35,15,15.00,22.00,4,167,167,24,0,0,24,35,34,672,4,15.00,15,167,15
35,17,14.00,21.00,3,167,167,24,0,0,24,35,34,648,3,21.00,21,167,17
35,18,14.00,21.00,1,167,167,24,0,0,24,35,34,502,3,10.00,10,167,18
35,22,6.00,9.00,3,167,167,24,0,0,24,35,34,236,1,18.00,18,167,22
35,23,5.00,7.00,3,167,167,24,0,0,24,35,34,216,1,13.00,13,167,23
35,26,15.00,22.00,5,167,167,24,0,0,24,35,34,160,5,7.00,7,167,26
35,2,5.00,7.00,3,168,168,35,0,0,35,35,33,765,1,15.00,15,168,2
35,4,7.00,10.00,2,168,168,35,0,0,35,35,33,1174,5,9.00,9,168,4
35,5,10.00,15.00,2,168,168,35,0,0,35,35,33,970,5,16.00,16,168,5
35,9,12.00,18.00,1,168,168,35,0,0,35,35,33,404,4,13.00,13,168,9
35,14,15.00,22.00,1,168,168,35,0,0,35,35,33,478,3,13.00,13,168,14
35,15,15.00,22.00,4,168,168,35,0,0,35,35,33,673,5,15.00,15,168,15
35,19,14.00,21.00,3,168,168,35,0,0,35,35,33,624,4,7.00,7,168,19
35,23,5.00,7.00,3,168,168,35,0,0,35,35,33,680,5,13.00,13,168,23
35,23,5.00,7.00,3,168,168,35,0,0,35,35,33,1126,1,13.00,13,168,23
33,1,1.00,1.20,1,169,169,22,0,0,22,33,35,426,4,1.20,1,169,1
33,6,11.00,16.00,4,169,169,22,0,0,22,33,35,450,4,10.00,10,169,6
33,11,5.00,7.00,3,169,169,22,0,0,22,33,35,46,1,22.00,22,169,11
33,11,5.00,7.00,3,169,169,22,0,0,22,33,35,1012,2,22.00,22,169,11
33,22,6.00,9.00,3,169,169,22,0,0,22,33,35,743,1,18.00,18,169,22
33,27,7.00,10.00,5,169,169,22,0,0,22,33,35,156,4,22.00,22,169,27
33,28,10.00,15.00,5,169,169,22,0,0,22,33,35,694,4,21.00,21,169,28
33,28,10.00,15.00,5,169,169,22,0,0,22,33,35,787,2,21.00,21,169,28
33,30,13.00,19.00,5,169,169,22,0,0,22,33,35,987,3,15.00,15,169,30
34,12,6.00,9.00,1,170,170,39,0,0,39,34,33,21,2,15.00,15,170,12
34,27,7.00,10.00,5,170,170,39,0,0,39,34,33,1089,5,22.00,22,170,27
32,1,1.00,1.20,1,171,171,50,0,0,50,32,35,1200,5,1.20,1,171,1
32,5,10.00,15.00,2,171,171,50,0,0,50,32,35,193,4,16.00,16,171,5
32,7,9.00,13.00,1,171,171,50,0,0,50,32,35,935,3,9.00,9,171,7
32,12,6.00,9.00,1,171,171,50,0,0,50,32,35,183,3,15.00,15,171,12
32,21,11.00,16.00,3,171,171,50,0,0,50,32,35,584,3,9.00,9,171,21
32,30,13.00,19.00,5,171,171,50,0,0,50,32,35,803,3,15.00,15,171,30
35,4,7.00,10.00,2,172,172,46,0,0,46,35,32,1132,4,9.00,9,172,4
35,8,12.00,18.00,2,172,172,46,0,0,46,35,32,336,3,19.00,19,172,8
35,8,12.00,18.00,2,172,172,46,0,0,46,35,32,685,2,19.00,19,172,8
35,19,14.00,21.00,3,172,172,46,0,0,46,35,32,505,5,7.00,7,172,19
35,19,14.00,21.00,3,172,172,46,0,0,46,35,32,619,3,7.00,7,172,19
33,7,9.00,13.00,1,173,173,28,0,0,28,33,35,340,5,9.00,9,173,7
33,20,6.00,9.00,2,173,173,28,0,0,28,33,35,11,2,10.00,10,173,20
31,6,11.00,16.00,4,174,174,45,0,0,45,31,31,147,4,10.00,10,174,6
31,12,6.00,9.00,1,174,174,45,0,0,45,31,31,1077,5,15.00,15,174,12
31,18,14.00,21.00,1,174,174,45,0,0,45,31,31,780,4,10.00,10,174,18
31,20,6.00,9.00,2,174,174,45,0,0,45,31,31,644,4,10.00,10,174,20
31,22,6.00,9.00,3,174,174,45,0,0,45,31,31,1032,2,18.00,18,174,22
33,5,10.00,15.00,2,175,175,40,0,0,40,33,34,952,3,16.00,16,175,5
33,11,5.00,7.00,3,175,175,40,0,0,40,33,34,698,5,22.00,22,175,11
33,21,11.00,16.00,3,175,175,40,0,0,40,33,34,304,1,9.00,9,175,21
33,26,15.00,22.00,5,175,175,40,0,0,40,33,34,531,4,7.00,7,175,26
33,29,12.00,18.00,2,175,175,40,0,0,40,33,34,388,1,16.00,16,175,29
33,2,5.00,7.00,3,176,176,28,0,0,28,33,36,1022,3,15.00,15,176,2
33,19,14.00,21.00,3,176,176,28,0,0,28,33,36,485,5,7.00,7,176,19
33,28,10.00,15.00,5,176,176,28,0,0,28,33,36,511,4,21.00,21,176,28
36,1,1.00,1.20,1,177,177,32,0,0,32,36,33,712,5,1.20,1,177,1
36,11,5.00,7.00,3,177,177,32,0,0,32,36,33,442,5,22.00,22,177,11
36,16,13.00,19.00,3,177,177,32,0,0,32,36,33,1122,3,9.00,9,177,16
36,17,14.00,21.00,3,177,177,32,0,0,32,36,33,103,4,21.00,21,177,17
36,22,6.00,9.00,3,177,177,32,0,0,32,36,33,838,4,18.00,18,177,22
36,28,10.00,15.00,5,177,177,32,0,0,32,36,33,369,1,21.00,21,177,28
36,7,9.00,13.00,1,178,178,39,0,0,39,36,31,755,3,9.00,9,178,7
36,7,9.00,13.00,1,178,178,39,0,0,39,36,31,1105,1,9.00,9,178,7
36,14,15.00,22.00,1,178,178,39,0,0,39,36,31,9,4,13.00,13,178,14
36,19,14.00,21.00,3,178,178,39,0,0,39,36,31,1153,4,7.00,7,178,19
36,3,5.00,7.00,2,179,179,48,0,0,48,36,36,251,4,15.00,15,179,3
36,12,6.00,9.00,1,179,179,48,0,0,48,36,36,361,3,15.00,15,179,12
36,23,5.00,7.00,3,179,179,48,0,0,48,36,36,310,1,13.00,13,179,23
31,4,7.00,10.00,2,180,180,33,0,0,33,31,35,557,3,9.00,9,180,4
31,5,10.00,15.00,2,180,180,33,0,0,33,31,35,1072,1,16.00,16,180,5
31,6,11.00,16.00,4,180,180,33,0,0,33,31,35,76,5,10.00,10,180,6
31,15,15.00,22.00,4,180,180,33,0,0,33,31,35,93,1,15.00,15,180,15
31,18,14.00,21.00,1,180,180,33,0,0,33,31,35,1196,5,10.00,10,180,18
31,20,6.00,9.00,2,180,180,33,0,0,33,31,35,919,2,10.00,10,180,20
31,26,15.00,22.00,5,180,180,33,0,0,33,31,35,929,5,7.00,7,180,26
31,8,12.00,18.00,2,181,181,15,0,0,15,31,34,734,5,19.00,19,181,8
31,12,6.00,9.00,1,181,181,15,0,0,15,31,34,1004,4,15.00,15,181,12
31,14,15.00,22.00,1,181,181,15,0,0,15,31,34,628,4,13.00,13,181,14
31,16,13.00,19.00,3,181,181,15,0,0,15,31,34,292,5,9.00,9,181,16
31,19,14.00,21.00,3,181,181,15,0,0,15,31,34,429,5,7.00,7,181,19
31,22,6.00,9.00,3,181,181,15,0,0,15,31,34,376,2,18.00,18,181,22
31,23,5.00,7.00,3,181,181,15,0,0,15,31,34,725,2,13.00,13,181,23
31,30,13.00,19.00,5,181,181,15,0,0,15,31,34,882,3,15.00,15,181,30
31,4,7.00,10.00,2,182,182,31,0,0,31,31,32,806,2,9.00,9,182,4
31,18,14.00,21.00,1,182,182,31,0,0,31,31,32,436,4,10.00,10,182,18
35,4,7.00,10.00,2,183,183,24,0,0,24,35,31,1183,3,9.00,9,183,4
35,18,14.00,21.00,1,183,183,24,0,0,24,35,31,979,1,10.00,10,183,18
35,25,11.00,16.00,5,183,183,24,0,0,24,35,31,449,1,22.00,22,183,25
35,27,7.00,10.00,5,183,183,24,0,0,24,35,31,781,4,22.00,22,183,27
34,5,10.00,15.00,2,184,184,38,0,0,38,34,35,710,2,16.00,16,184,5
34,10,11.00,16.00,5,184,184,38,0,0,38,34,35,1146,1,18.00,18,184,10
34,16,13.00,19.00,3,184,184,38,0,0,38,34,35,1044,3,9.00,9,184,16
34,21,11.00,16.00,3,184,184,38,0,0,38,34,35,413,5,9.00,9,184,21
34,25,11.00,16.00,5,184,184,38,0,0,38,34,35,807,4,22.00,22,184,25
35,6,11.00,16.00,4,185,185,44,0,0,44,35,34,674,1,10.00,10,185,6
35,8,12.00,18.00,2,185,185,44,0,0,44,35,34,152,5,19.00,19,185,8
35,8,12.00,18.00,2,185,185,44,0,0,44,35,34,1128,5,19.00,19,185,8
35,9,12.00,18.00,1,185,185,44,0,0,44,35,34,209,1,13.00,13,185,9
35,13,14.00,21.00,2,185,185,44,0,0,44,35,34,305,3,12.00,12,185,13
35,18,14.00,21.00,1,185,185,44,0,0,44,35,34,159,3,10.00,10,185,18
35,27,7.00,10.00,5,185,185,44,0,0,44,35,34,1136,4,22.00,22,185,27
33,1,1.00,1.20,1,186,186,50,0,0,50,33,31,145,4,1.20,1,186,1
33,2,5.00,7.00,3,186,186,50,0,0,50,33,31,714,2,15.00,15,186,2
33,7,9.00,13.00,1,186,186,50,0,0,50,33,31,664,3,9.00,9,186,7
33,7,9.00,13.00,1,186,186,50,0,0,50,33,31,1091,1,9.00,9,186,7
33,10,11.00,16.00,5,186,186,50,0,0,50,33,31,966,3,18.00,18,186,10
33,11,5.00,7.00,3,186,186,50,0,0,50,33,31,222,1,22.00,22,186,11
33,26,15.00,22.00,5,186,186,50,0,0,50,33,31,604,3,7.00,7,186,26
34,6,11.00,16.00,4,187,187,25,0,0,25,34,33,470,2,10.00,10,187,6
34,7,9.00,13.00,1,187,187,25,0,0,25,34,33,129,3,9.00,9,187,7
34,15,15.00,22.00,4,187,187,25,0,0,25,34,33,599,2,15.00,15,187,15
34,18,14.00,21.00,1,187,187,25,0,0,25,34,33,480,5,10.00,10,187,18
34,25,11.00,16.00,5,187,187,25,0,0,25,34,33,473,5,22.00,22,187,25
34,28,10.00,15.00,5,187,187,25,0,0,25,34,33,616,2,21.00,21,187,28
35,3,5.00,7.00,2,188,188,28,0,0,28,35,36,313,1,15.00,15,188,3
35,5,10.00,15.00,2,188,188,28,0,0,28,35,36,1165,3,16.00,16,188,5
35,6,11.00,16.00,4,188,188,28,0,0,28,35,36,503,3,10.00,10,188,6
35,13,14.00,21.00,2,188,188,28,0,0,28,35,36,1069,2,12.00,12,188,13
35,13,14.00,21.00,2,188,188,28,0,0,28,35,36,1116,3,12.00,12,188,13
35,15,15.00,22.00,4,188,188,28,0,0,28,35,36,167,2,15.00,15,188,15
35,28,10.00,15.00,5,188,188,28,0,0,28,35,36,350,1,21.00,21,188,28
35,3,5.00,7.00,2,189,189,32,0,0,32,35,34,634,1,15.00,15,189,3
35,6,11.00,16.00,4,189,189,32,0,0,32,35,34,818,1,10.00,10,189,6
35,28,10.00,15.00,5,189,189,32,0,0,32,35,34,312,3,21.00,21,189,28
35,2,5.00,7.00,3,190,190,21,0,0,21,35,31,635,3,15.00,15,190,2
35,5,10.00,15.00,2,190,190,21,0,0,21,35,31,424,4,16.00,16,190,5
35,9,12.00,18.00,1,190,190,21,0,0,21,35,31,995,4,13.00,13,190,9
35,12,6.00,9.00,1,190,190,21,0,0,21,35,31,62,3,15.00,15,190,12
35,15,15.00,22.00,4,190,190,21,0,0,21,35,31,1169,5,15.00,15,190,15
35,18,14.00,21.00,1,190,190,21,0,0,21,35,31,176,1,10.00,10,190,18
35,26,15.00,22.00,5,190,190,21,0,0,21,35,31,41,3,7.00,7,190,26
34,2,5.00,7.00,3,191,191,29,0,0,29,34,34,1024,2,15.00,15,191,2
34,8,12.00,18.00,2,191,191,29,0,0,29,34,34,63,4,19.00,19,191,8
34,18,14.00,21.00,1,191,191,29,0,0,29,34,34,466,4,10.00,10,191,18
34,18,14.00,21.00,1,191,191,29,0,0,29,34,34,957,5,10.00,10,191,18
34,1,1.00,1.20,1,192,192,31,0,0,31,34,36,1149,1,1.20,1,192,1
34,18,14.00,21.00,1,192,192,31,0,0,31,34,36,600,5,10.00,10,192,18
34,23,5.00,7.00,3,192,192,31,0,0,31,34,36,1194,1,13.00,13,192,23
34,26,15.00,22.00,5,192,192,31,0,0,31,34,36,162,2,7.00,7,192,26
34,27,7.00,10.00,5,192,192,31,0,0,31,34,36,418,5,22.00,22,192,27
31,8,12.00,18.00,2,193,193,30,0,0,30,31,33,815,1,19.00,19,193,8
31,22,6.00,9.00,3,193,193,30,0,0,30,31,33,754,3,18.00,18,193,22
31,30,13.00,19.00,5,193,193,30,0,0,30,31,33,944,5,15.00,15,193,30
31,3,5.00,7.00,2,194,194,47,0,0,47,31,31,281,1,15.00,15,194,3
31,5,10.00,15.00,2,194,194,47,0,0,47,31,31,44,3,16.00,16,194,5
31,13,14.00,21.00,2,194,194,47,0,0,47,31,31,978,4,12.00,12,194,13
31,14,15.00,22.00,1,194,194,47,0,0,47,31,31,155,5,13.00,13,194,14
31,14,15.00,22.00,1,194,194,47,0,0,47,31,31,504,1,13.00,13,194,14
31,19,14.00,21.00,3,194,194,47,0,0,47,31,31,760,1,7.00,7,194,19
31,28,10.00,15.00,5,194,194,47,0,0,47,31,31,612,1,21.00,21,194,28
31,29,12.00,18.00,2,194,194,47,0,0,47,31,31,1098,4,16.00,16,194,29
35,9,12.00,18.00,1,195,195,25,0,0,25,35,34,18,5,13.00,13,195,9
35,17,14.00,21.00,3,195,195,25,0,0,25,35,34,102,5,21.00,21,195,17
35,24,13.00,19.00,5,195,195,25,0,0,25,35,34,853,5,12.00,12,195,24
32,4,7.00,10.00,2,196,196,39,0,0,39,32,33,1058,4,9.00,9,196,4
32,6,11.00,16.00,4,196,196,39,0,0,39,32,33,627,5,10.00,10,196,6
32,10,11.00,16.00,5,196,196,39,0,0,39,32,33,689,3,18.00,18,196,10
32,15,15.00,22.00,4,196,196,39,0,0,39,32,33,559,3,15.00,15,196,15
32,16,13.00,19.00,3,196,196,39,0,0,39,32,33,205,2,9.00,9,196,16
32,22,6.00,9.00,3,196,196,39,0,0,39,32,33,298,1,18.00,18,196,22
32,22,6.00,9.00,3,196,196,39,0,0,39,32,33,437,4,18.00,18,196,22
32,28,10.00,15.00,5,196,196,39,0,0,39,32,33,201,2,21.00,21,196,28
34,4,7.00,10.00,2,197,197,41,0,0,41,34,34,1041,2,9.00,9,197,4
34,7,9.00,13.00,1,197,197,41,0,0,41,34,34,341,2,9.00,9,197,7
34,14,15.00,22.00,1,197,197,41,0,0,41,34,34,573,5,13.00,13,197,14
34,19,14.00,21.00,3,197,197,41,0,0,41,34,34,1117,1,7.00,7,197,19
34,20,6.00,9.00,2,197,197,41,0,0,41,34,34,422,5,10.00,10,197,20
34,25,11.00,16.00,5,197,197,41,0,0,41,34,34,895,5,22.00,22,197,25
34,28,10.00,15.00,5,197,197,41,0,0,41,34,34,1053,4,21.00,21,197,28
33,3,5.00,7.00,2,198,198,28,0,0,28,33,36,345,4,15.00,15,198,3
33,30,13.00,19.00,5,198,198,28,0,0,28,33,36,530,3,15.00,15,198,30
33,30,13.00,19.00,5,198,198,28,0,0,28,33,36,805,5,15.00,15,198,30
33,30,13.00,19.00,5,198,198,28,0,0,28,33,36,1057,3,15.00,15,198,30
36,2,5.00,7.00,3,199,199,7,0,0,7,36,32,1074,4,15.00,15,199,2
36,16,13.00,19.00,3,199,199,7,0,0,7,36,32,615,3,9.00,9,199,16
36,20,6.00,9.00,2,199,199,7,0,0,7,36,32,407,5,10.00,10,199,20
36,21,11.00,16.00,3,199,199,7,0,0,7,36,32,516,1,9.00,9,199,21
36,22,6.00,9.00,3,199,199,7,0,0,7,36,32,591,5,18.00,18,199,22
36,27,7.00,10.00,5,199,199,7,0,0,7,36,32,964,2,22.00,22,199,27
36,28,10.00,15.00,5,199,199,7,0,0,7,36,32,865,5,21.00,21,199,28
35,1,1.00,1.20,1,200,200,45,0,0,45,35,34,23,5,1.20,1,200,1
35,2,5.00,7.00,3,200,200,45,0,0,45,35,34,639,2,15.00,15,200,2
35,9,12.00,18.00,1,200,200,45,0,0,45,35,34,54,5,13.00,13,200,9
35,26,15.00,22.00,5,200,200,45,0,0,45,35,34,286,5,7.00,7,200,26
35,27,7.00,10.00,5,200,200,45,0,0,45,35,34,921,5,22.00,22,200,27
35,30,13.00,19.00,5,200,200,45,0,0,45,35,34,96,4,15.00,15,200,30
